707860;294.06;1505077200;Hurzuf;0
707860;293.84;1505088000;Hurzuf;0
707860;294.22;1505098800;Hurzuf;0
707860;296.08;1505109600;Hurzuf;0
707860;296.948;1505120400;Hurzuf;0
707860;297.099;1505131200;Hurzuf;0
707860;296.363;1505142000;Hurzuf;0
707860;293.93;1505152800;Hurzuf;0
707860;292.874;1505163600;Hurzuf;0
707860;292.594;1505174400;Hurzuf;0
707860;292.73;1505185200;Hurzuf;12
707860;295.735;1505196000;Hurzuf;0
707860;297.717;1505206800;Hurzuf;0
707860;298.432;1505217600;Hurzuf;0
707860;297.683;1505228400;Hurzuf;0
707860;295.43;1505239200;Hurzuf;0
707860;294.556;1505250000;Hurzuf;0
707860;294.397;1505260800;Hurzuf;0
707860;294.311;1505271600;Hurzuf;0
707860;296.728;1505282400;Hurzuf;0
707860;298.141;1505293200;Hurzuf;0
707860;298.309;1505304000;Hurzuf;0
707860;297.279;1505314800;Hurzuf;0
707860;295.062;1505325600;Hurzuf;0
707860;293.597;1505336400;Hurzuf;0
707860;292.724;1505347200;Hurzuf;8
707860;292.281;1505358000;Hurzuf;0
707860;294.828;1505368800;Hurzuf;0
707860;296.078;1505379600;Hurzuf;0
707860;296.009;1505390400;Hurzuf;0
707860;295.363;1505401200;Hurzuf;0
707860;293.688;1505412000;Hurzuf;0
707860;293.175;1505422800;Hurzuf;0
707860;292.957;1505433600;Hurzuf;0
707860;292.686;1505444400;Hurzuf;0
707860;295.247;1505455200;Hurzuf;0
707860;296.571;1505466000;Hurzuf;0
707860;297.338;1505476800;Hurzuf;0
707860;296.84;1505487600;Hurzuf;0
707860;294.925;1505498400;Hurzuf;0
519188;285.74;1505077200;Novinki;8
519188;285.79;1505088000;Novinki;32
519188;286.62;1505098800;Novinki;24
519188;290.276;1505109600;Novinki;20
519188;293.798;1505120400;Novinki;24
519188;294.049;1505131200;Novinki;20
519188;293.013;1505142000;Novinki;36
519188;292.03;1505152800;Novinki;36
519188;291.024;1505163600;Novinki;8
519188;290.094;1505174400;Novinki;24
519188;289.13;1505185200;Novinki;12
519188;291.685;1505196000;Novinki;36
519188;294.117;1505206800;Novinki;44
519188;296.782;1505217600;Novinki;0
519188;295.533;1505228400;Novinki;0
519188;292.88;1505239200;Novinki;8
519188;291.456;1505250000;Novinki;20
519188;290.097;1505260800;Novinki;36
519188;289.211;1505271600;Novinki;32
519188;292.478;1505282400;Novinki;44
519188;295.741;1505293200;Novinki;56
519188;296.659;1505304000;Novinki;20
519188;294.929;1505314800;Novinki;24
519188;290.762;1505325600;Novinki;92
519188;288.297;1505336400;Novinki;36
519188;286.624;1505347200;Novinki;20
519188;285.631;1505358000;Novinki;48
519188;287.978;1505368800;Novinki;8
519188;290.978;1505379600;Novinki;8
519188;291.959;1505390400;Novinki;92
519188;291.613;1505401200;Novinki;92
519188;291.288;1505412000;Novinki;88
519188;291.125;1505422800;Novinki;92
519188;290.457;1505433600;Novinki;88
519188;289.736;1505444400;Novinki;64
519188;290.447;1505455200;Novinki;48
519188;292.521;1505466000;Novinki;80
519188;288.988;1505476800;Novinki;100
519188;286.19;1505487600;Novinki;88
519188;285.575;1505498400;Novinki;80
1283378;286.71;1505077200;Gorkhā;76
1283378;286.94;1505088000;Gorkhā;68
1283378;290.72;1505098800;Gorkhā;56
1283378;293.83;1505109600;Gorkhā;48
1283378;294.198;1505120400;Gorkhā;32
1283378;290.899;1505131200;Gorkhā;64
1283378;288.263;1505142000;Gorkhā;32
1283378;287.38;1505152800;Gorkhā;36
1283378;286.674;1505163600;Gorkhā;24
1283378;286.194;1505174400;Gorkhā;44
1283378;291.18;1505185200;Gorkhā;44
1283378;295.135;1505196000;Gorkhā;44
1283378;295.717;1505206800;Gorkhā;24
1283378;291.982;1505217600;Gorkhā;32
1283378;288.783;1505228400;Gorkhā;24
1283378;288.03;1505239200;Gorkhā;76
1283378;287.706;1505250000;Gorkhā;36
1283378;287.147;1505260800;Gorkhā;24
1283378;292.011;1505271600;Gorkhā;32
1283378;295.228;1505282400;Gorkhā;12
1283378;295.041;1505293200;Gorkhā;48
1283378;291.459;1505304000;Gorkhā;8
1283378;288.629;1505314800;Gorkhā;20
1283378;287.462;1505325600;Gorkhā;24
1283378;286.947;1505336400;Gorkhā;32
1283378;286.624;1505347200;Gorkhā;24
1283378;292.031;1505358000;Gorkhā;24
1283378;295.228;1505368800;Gorkhā;0
1283378;296.278;1505379600;Gorkhā;12
1283378;293.159;1505390400;Gorkhā;36
1283378;289.813;1505401200;Gorkhā;36
1283378;288.638;1505412000;Gorkhā;20
1283378;287.675;1505422800;Gorkhā;20
1283378;287.108;1505433600;Gorkhā;8
1283378;293.086;1505444400;Gorkhā;8
1283378;296.747;1505455200;Gorkhā;0
1283378;297.121;1505466000;Gorkhā;56
1283378;293.938;1505476800;Gorkhā;80
1283378;291.14;1505487600;Gorkhā;8
1283378;288.975;1505498400;Gorkhā;0
1270260;299.36;1505077200;State of Haryāna;32
1270260;298.84;1505088000;State of Haryāna;20
1270260;304.87;1505098800;State of Haryāna;0
1270260;309.83;1505109600;State of Haryāna;36
1270260;310.298;1505120400;State of Haryāna;12
1270260;307.699;1505131200;State of Haryāna;68
1270260;303.713;1505142000;State of Haryāna;56
1270260;301.58;1505152800;State of Haryāna;48
1270260;300.324;1505163600;State of Haryāna;44
1270260;299.944;1505174400;State of Haryāna;64
1270260;304.03;1505185200;State of Haryāna;32
1270260;309.135;1505196000;State of Haryāna;8
1270260;310.567;1505206800;State of Haryāna;0
1270260;309.032;1505217600;State of Haryāna;0
1270260;303.583;1505228400;State of Haryāna;0
1270260;300.08;1505239200;State of Haryāna;0
1270260;298.506;1505250000;State of Haryāna;0
1270260;297.747;1505260800;State of Haryāna;0
1270260;304.561;1505271600;State of Haryāna;0
1270260;309.428;1505282400;State of Haryāna;0
1270260;310.291;1505293200;State of Haryāna;0
1270260;309.109;1505304000;State of Haryāna;0
1270260;302.079;1505314800;State of Haryāna;0
1270260;298.562;1505325600;State of Haryāna;0
1270260;296.597;1505336400;State of Haryāna;0
1270260;295.774;1505347200;State of Haryāna;0
1270260;302.681;1505358000;State of Haryāna;0
1270260;309.578;1505368800;State of Haryāna;0
1270260;307.278;1505379600;State of Haryāna;0
1270260;306.309;1505390400;State of Haryāna;24
1270260;301.513;1505401200;State of Haryāna;32
1270260;298.938;1505412000;State of Haryāna;20
1270260;297.675;1505422800;State of Haryāna;12
1270260;296.658;1505433600;State of Haryāna;0
1270260;302.936;1505444400;State of Haryāna;0
1270260;308.347;1505455200;State of Haryāna;0
1270260;310.321;1505466000;State of Haryāna;0
1270260;309.138;1505476800;State of Haryāna;0
1270260;304.14;1505487600;State of Haryāna;12
1270260;300.725;1505498400;State of Haryāna;0
708546;294.21;1505077200;Holubynka;0
708546;293.94;1505088000;Holubynka;0
708546;293.72;1505098800;Holubynka;0
708546;296.53;1505109600;Holubynka;0
708546;297.498;1505120400;Holubynka;0
708546;298.049;1505131200;Holubynka;0
708546;297.313;1505142000;Holubynka;0
708546;294.83;1505152800;Holubynka;0
708546;293.924;1505163600;Holubynka;0
708546;293.744;1505174400;Holubynka;0
708546;293.73;1505185200;Holubynka;0
708546;296.535;1505196000;Holubynka;0
708546;298.767;1505206800;Holubynka;0
708546;299.182;1505217600;Holubynka;0
708546;298.433;1505228400;Holubynka;0
708546;296.53;1505239200;Holubynka;0
708546;294.956;1505250000;Holubynka;0
708546;294.197;1505260800;Holubynka;0
708546;293.961;1505271600;Holubynka;0
708546;296.478;1505282400;Holubynka;0
708546;297.541;1505293200;Holubynka;0
708546;297.309;1505304000;Holubynka;0
708546;296.229;1505314800;Holubynka;0
708546;294.262;1505325600;Holubynka;0
708546;293.747;1505336400;Holubynka;0
708546;293.524;1505347200;Holubynka;0
708546;292.831;1505358000;Holubynka;0
708546;295.178;1505368800;Holubynka;0
708546;296.828;1505379600;Holubynka;0
708546;296.659;1505390400;Holubynka;0
708546;295.663;1505401200;Holubynka;0
708546;293.988;1505412000;Holubynka;0
708546;293.475;1505422800;Holubynka;0
708546;293.008;1505433600;Holubynka;0
708546;292.686;1505444400;Holubynka;0
708546;295.497;1505455200;Holubynka;0
708546;297.021;1505466000;Holubynka;0
708546;297.288;1505476800;Holubynka;0
708546;296.84;1505487600;Holubynka;0
708546;294.825;1505498400;Holubynka;0
1283710;289.13;1505077200;Bāgmatī Zone;64
1283710;286.75;1505088000;Bāgmatī Zone;56
1283710;287.45;1505098800;Bāgmatī Zone;44
1283710;287.376;1505109600;Bāgmatī Zone;44
1283710;287.048;1505120400;Bāgmatī Zone;48
1283710;284.749;1505131200;Bāgmatī Zone;48
1283710;282.963;1505142000;Bāgmatī Zone;24
1283710;281.98;1505152800;Bāgmatī Zone;32
1283710;281.424;1505163600;Bāgmatī Zone;32
1283710;280.994;1505174400;Bāgmatī Zone;24
1283710;284.48;1505185200;Bāgmatī Zone;32
1283710;287.335;1505196000;Bāgmatī Zone;36
1283710;287.467;1505206800;Bāgmatī Zone;24
1283710;285.032;1505217600;Bāgmatī Zone;20
1283710;282.783;1505228400;Bāgmatī Zone;44
1283710;281.68;1505239200;Bāgmatī Zone;44
1283710;281.406;1505250000;Bāgmatī Zone;36
1283710;280.997;1505260800;Bāgmatī Zone;24
1283710;284.861;1505271600;Bāgmatī Zone;20
1283710;287.528;1505282400;Bāgmatī Zone;12
1283710;286.941;1505293200;Bāgmatī Zone;48
1283710;284.359;1505304000;Bāgmatī Zone;20
1283710;282.529;1505314800;Bāgmatī Zone;0
1283710;281.512;1505325600;Bāgmatī Zone;8
1283710;280.997;1505336400;Bāgmatī Zone;12
1283710;280.924;1505347200;Bāgmatī Zone;12
1283710;284.831;1505358000;Bāgmatī Zone;8
1283710;287.228;1505368800;Bāgmatī Zone;0
1283710;287.578;1505379600;Bāgmatī Zone;20
1283710;285.009;1505390400;Bāgmatī Zone;12
1283710;282.663;1505401200;Bāgmatī Zone;8
1283710;281.638;1505412000;Bāgmatī Zone;8
1283710;281.475;1505422800;Bāgmatī Zone;8
1283710;281.158;1505433600;Bāgmatī Zone;8
1283710;285.286;1505444400;Bāgmatī Zone;0
1283710;287.897;1505455200;Bāgmatī Zone;8
1283710;286.721;1505466000;Bāgmatī Zone;48
1283710;284.688;1505476800;Bāgmatī Zone;44
1283710;283.29;1505487600;Bāgmatī Zone;8
1283710;282.225;1505498400;Bāgmatī Zone;0
529334;285.74;1505077200;Mar’ina Roshcha;8
529334;285.78;1505088000;Mar’ina Roshcha;32
529334;286.62;1505098800;Mar’ina Roshcha;24
529334;290.276;1505109600;Mar’ina Roshcha;20
529334;293.798;1505120400;Mar’ina Roshcha;24
529334;294.049;1505131200;Mar’ina Roshcha;20
529334;293.013;1505142000;Mar’ina Roshcha;36
529334;292.03;1505152800;Mar’ina Roshcha;36
529334;291.024;1505163600;Mar’ina Roshcha;8
529334;290.094;1505174400;Mar’ina Roshcha;24
529334;289.13;1505185200;Mar’ina Roshcha;12
529334;291.685;1505196000;Mar’ina Roshcha;36
529334;294.117;1505206800;Mar’ina Roshcha;44
529334;296.782;1505217600;Mar’ina Roshcha;0
529334;295.533;1505228400;Mar’ina Roshcha;0
529334;292.88;1505239200;Mar’ina Roshcha;8
529334;291.456;1505250000;Mar’ina Roshcha;20
529334;290.097;1505260800;Mar’ina Roshcha;36
529334;289.211;1505271600;Mar’ina Roshcha;32
529334;292.478;1505282400;Mar’ina Roshcha;44
529334;295.741;1505293200;Mar’ina Roshcha;56
529334;296.659;1505304000;Mar’ina Roshcha;20
529334;294.929;1505314800;Mar’ina Roshcha;24
529334;290.762;1505325600;Mar’ina Roshcha;92
529334;288.297;1505336400;Mar’ina Roshcha;36
529334;286.624;1505347200;Mar’ina Roshcha;20
529334;285.631;1505358000;Mar’ina Roshcha;48
529334;287.978;1505368800;Mar’ina Roshcha;8
529334;290.978;1505379600;Mar’ina Roshcha;8
529334;291.959;1505390400;Mar’ina Roshcha;92
529334;291.613;1505401200;Mar’ina Roshcha;92
529334;291.288;1505412000;Mar’ina Roshcha;88
529334;291.125;1505422800;Mar’ina Roshcha;92
529334;290.457;1505433600;Mar’ina Roshcha;88
529334;289.736;1505444400;Mar’ina Roshcha;64
529334;290.447;1505455200;Mar’ina Roshcha;48
529334;292.521;1505466000;Mar’ina Roshcha;80
529334;288.988;1505476800;Mar’ina Roshcha;100
529334;286.19;1505487600;Mar’ina Roshcha;88
529334;285.575;1505498400;Mar’ina Roshcha;80
1269750;296.36;1505077200;Republic of India;56
1269750;295.84;1505088000;Republic of India;12
1269750;299.67;1505098800;Republic of India;0
1269750;303.63;1505109600;Republic of India;0
1269750;305.198;1505120400;Republic of India;0
1269750;303.749;1505131200;Republic of India;56
1269750;300.063;1505142000;Republic of India;68
1269750;296.58;1505152800;Republic of India;36
1269750;296.224;1505163600;Republic of India;64
1269750;296.244;1505174400;Republic of India;12
1269750;299.33;1505185200;Republic of India;0
1269750;303.035;1505196000;Republic of India;8
1269750;304.817;1505206800;Republic of India;0
1269750;303.482;1505217600;Republic of India;20
1269750;299.983;1505228400;Republic of India;8
1269750;297.78;1505239200;Republic of India;8
1269750;297.206;1505250000;Republic of India;8
1269750;296.847;1505260800;Republic of India;56
1269750;300.011;1505271600;Republic of India;12
1269750;303.478;1505282400;Republic of India;8
1269750;305.141;1505293200;Republic of India;0
1269750;304.359;1505304000;Republic of India;8
1269750;300.179;1505314800;Republic of India;12
1269750;298.412;1505325600;Republic of India;20
1269750;297.747;1505336400;Republic of India;12
1269750;296.324;1505347200;Republic of India;44
1269750;299.231;1505358000;Republic of India;8
1269750;303.828;1505368800;Republic of India;0
1269750;305.678;1505379600;Republic of India;0
1269750;304.909;1505390400;Republic of India;24
1269750;301.213;1505401200;Republic of India;64
1269750;297.538;1505412000;Republic of India;64
1269750;296.475;1505422800;Republic of India;88
1269750;296.008;1505433600;Republic of India;48
1269750;298.536;1505444400;Republic of India;64
1269750;298.847;1505455200;Republic of India;76
1269750;301.771;1505466000;Republic of India;64
1269750;301.638;1505476800;Republic of India;48
1269750;299.24;1505487600;Republic of India;48
1269750;297.925;1505498400;Republic of India;88
1283240;293.68;1505077200;Kathmandu;88
1283240;292.9;1505088000;Kathmandu;88
1283240;295.05;1505098800;Kathmandu;80
1283240;295.276;1505109600;Kathmandu;92
1283240;295.448;1505120400;Kathmandu;92
1283240;294.349;1505131200;Kathmandu;92
1283240;293.663;1505142000;Kathmandu;88
1283240;293.03;1505152800;Kathmandu;92
1283240;292.124;1505163600;Kathmandu;92
1283240;291.844;1505174400;Kathmandu;92
1283240;293.38;1505185200;Kathmandu;92
1283240;296.285;1505196000;Kathmandu;92
1283240;295.217;1505206800;Kathmandu;92
1283240;294.482;1505217600;Kathmandu;88
1283240;293.683;1505228400;Kathmandu;92
1283240;293.83;1505239200;Kathmandu;92
1283240;293.156;1505250000;Kathmandu;92
1283240;292.447;1505260800;Kathmandu;92
1283240;293.961;1505271600;Kathmandu;76
1283240;296.878;1505282400;Kathmandu;68
1283240;296.241;1505293200;Kathmandu;88
1283240;295.459;1505304000;Kathmandu;68
1283240;292.879;1505314800;Kathmandu;48
1283240;293.212;1505325600;Kathmandu;88
1283240;292.247;1505336400;Kathmandu;68
1283240;291.574;1505347200;Kathmandu;44
1283240;295.631;1505358000;Kathmandu;20
1283240;297.728;1505368800;Kathmandu;48
1283240;298.128;1505379600;Kathmandu;64
1283240;295.809;1505390400;Kathmandu;76
1283240;294.113;1505401200;Kathmandu;80
1283240;293.688;1505412000;Kathmandu;68
1283240;293.425;1505422800;Kathmandu;88
1283240;291.908;1505433600;Kathmandu;32
1283240;296.636;1505444400;Kathmandu;8
1283240;300.847;1505455200;Kathmandu;8
1283240;298.021;1505466000;Kathmandu;12
1283240;297.588;1505476800;Kathmandu;0
1283240;293.14;1505487600;Kathmandu;0
1283240;292.925;1505498400;Kathmandu;0
703363;294.21;1505077200;Laspi;0
703363;293.94;1505088000;Laspi;0
703363;293.72;1505098800;Laspi;0
703363;296.53;1505109600;Laspi;0
703363;297.498;1505120400;Laspi;0
703363;298.049;1505131200;Laspi;0
703363;297.313;1505142000;Laspi;0
703363;294.83;1505152800;Laspi;0
703363;293.924;1505163600;Laspi;0
703363;293.744;1505174400;Laspi;0
703363;293.73;1505185200;Laspi;0
703363;296.535;1505196000;Laspi;0
703363;298.767;1505206800;Laspi;0
703363;299.182;1505217600;Laspi;0
703363;298.433;1505228400;Laspi;0
703363;296.53;1505239200;Laspi;0
703363;294.956;1505250000;Laspi;0
703363;294.197;1505260800;Laspi;0
703363;293.961;1505271600;Laspi;0
703363;296.478;1505282400;Laspi;0
703363;297.541;1505293200;Laspi;0
703363;297.309;1505304000;Laspi;0
703363;296.229;1505314800;Laspi;0
703363;294.262;1505325600;Laspi;0
703363;293.747;1505336400;Laspi;0
703363;293.524;1505347200;Laspi;0
703363;292.831;1505358000;Laspi;0
703363;295.178;1505368800;Laspi;0
703363;296.828;1505379600;Laspi;0
703363;296.659;1505390400;Laspi;0
703363;295.663;1505401200;Laspi;0
703363;293.988;1505412000;Laspi;0
703363;293.475;1505422800;Laspi;0
703363;293.008;1505433600;Laspi;0
703363;292.686;1505444400;Laspi;0
703363;295.497;1505455200;Laspi;0
703363;297.021;1505466000;Laspi;0
703363;297.288;1505476800;Laspi;0
703363;296.84;1505487600;Laspi;0
703363;294.825;1505498400;Laspi;0
3632308;294.11;1505077200;Merida;64
3632308;290.04;1505088000;Merida;8
3632308;286.92;1505098800;Merida;36
3632308;286.93;1505109600;Merida;56
3632308;286.198;1505120400;Merida;32
3632308;287.649;1505131200;Merida;8
3632308;295.363;1505142000;Merida;20
3632308;293.43;1505152800;Merida;44
3632308;293.874;1505163600;Merida;24
3632308;290.394;1505174400;Merida;20
3632308;286.88;1505185200;Merida;0
3632308;284.885;1505196000;Merida;8
3632308;284.567;1505206800;Merida;20
3632308;288.082;1505217600;Merida;24
3632308;295.583;1505228400;Merida;0
3632308;294.33;1505239200;Merida;48
3632308;294.156;1505250000;Merida;44
3632308;289.297;1505260800;Merida;32
3632308;288.511;1505271600;Merida;24
3632308;286.628;1505282400;Merida;8
3632308;285.491;1505293200;Merida;8
3632308;287.909;1505304000;Merida;12
3632308;294.929;1505314800;Merida;48
3632308;295.212;1505325600;Merida;44
3632308;294.897;1505336400;Merida;56
3632308;291.674;1505347200;Merida;8
3632308;288.081;1505358000;Merida;20
3632308;286.628;1505368800;Merida;20
3632308;286.228;1505379600;Merida;20
3632308;288.709;1505390400;Merida;20
3632308;296.913;1505401200;Merida;0
3632308;294.288;1505412000;Merida;32
3632308;294.375;1505422800;Merida;48
3632308;290.108;1505433600;Merida;12
3632308;287.486;1505444400;Merida;8
3632308;285.997;1505455200;Merida;0
3632308;284.521;1505466000;Merida;8
3632308;287.788;1505476800;Merida;0
3632308;296.64;1505487600;Merida;24
3632308;295.125;1505498400;Merida;36
473537;284.36;1505077200;Vinogradovo;0
473537;285.01;1505088000;Vinogradovo;36
473537;286.61;1505098800;Vinogradovo;68
473537;291.176;1505109600;Vinogradovo;20
473537;294.798;1505120400;Vinogradovo;0
473537;295.149;1505131200;Vinogradovo;12
473537;293.463;1505142000;Vinogradovo;56
473537;291.23;1505152800;Vinogradovo;20
473537;290.124;1505163600;Vinogradovo;36
473537;288.844;1505174400;Vinogradovo;12
473537;287.78;1505185200;Vinogradovo;24
473537;291.685;1505196000;Vinogradovo;24
473537;295.917;1505206800;Vinogradovo;8
473537;297.832;1505217600;Vinogradovo;0
473537;296.183;1505228400;Vinogradovo;0
473537;292.28;1505239200;Vinogradovo;0
473537;290.156;1505250000;Vinogradovo;8
473537;288.947;1505260800;Vinogradovo;32
473537;288.261;1505271600;Vinogradovo;12
473537;293.128;1505282400;Vinogradovo;56
473537;296.591;1505293200;Vinogradovo;12
473537;296.609;1505304000;Vinogradovo;0
473537;295.779;1505314800;Vinogradovo;0
473537;292.312;1505325600;Vinogradovo;68
473537;290.347;1505336400;Vinogradovo;56
473537;287.924;1505347200;Vinogradovo;0
473537;285.481;1505358000;Vinogradovo;8
473537;289.128;1505368800;Vinogradovo;0
473537;292.078;1505379600;Vinogradovo;0
473537;293.459;1505390400;Vinogradovo;12
473537;292.813;1505401200;Vinogradovo;68
473537;292.138;1505412000;Vinogradovo;88
473537;291.475;1505422800;Vinogradovo;24
473537;290.508;1505433600;Vinogradovo;0
473537;289.536;1505444400;Vinogradovo;36
473537;291.847;1505455200;Vinogradovo;32
473537;294.771;1505466000;Vinogradovo;44
473537;293.888;1505476800;Vinogradovo;88
473537;287.69;1505487600;Vinogradovo;8
473537;286.075;1505498400;Vinogradovo;20
384848;284.9;1505077200;Qarah Gawl al ‘Ulyā;0
384848;284.28;1505088000;Qarah Gawl al ‘Ulyā;0
384848;284.94;1505098800;Qarah Gawl al ‘Ulyā;0
384848;304.026;1505109600;Qarah Gawl al ‘Ulyā;0
384848;309.148;1505120400;Qarah Gawl al ‘Ulyā;0
384848;309.299;1505131200;Qarah Gawl al ‘Ulyā;0
384848;302.913;1505142000;Qarah Gawl al ‘Ulyā;0
384848;292.08;1505152800;Qarah Gawl al ‘Ulyā;0
384848;288.724;1505163600;Qarah Gawl al ‘Ulyā;0
384848;287.844;1505174400;Qarah Gawl al ‘Ulyā;0
384848;287.58;1505185200;Qarah Gawl al ‘Ulyā;0
384848;305.335;1505196000;Qarah Gawl al ‘Ulyā;0
384848;309.667;1505206800;Qarah Gawl al ‘Ulyā;0
384848;309.332;1505217600;Qarah Gawl al ‘Ulyā;0
384848;302.883;1505228400;Qarah Gawl al ‘Ulyā;0
384848;292.73;1505239200;Qarah Gawl al ‘Ulyā;0
384848;289.306;1505250000;Qarah Gawl al ‘Ulyā;0
384848;287.797;1505260800;Qarah Gawl al ‘Ulyā;0
384848;288.411;1505271600;Qarah Gawl al ‘Ulyā;0
384848;303.078;1505282400;Qarah Gawl al ‘Ulyā;0
384848;309.091;1505293200;Qarah Gawl al ‘Ulyā;0
384848;308.809;1505304000;Qarah Gawl al ‘Ulyā;0
384848;301.679;1505314800;Qarah Gawl al ‘Ulyā;0
384848;292.512;1505325600;Qarah Gawl al ‘Ulyā;0
384848;288.797;1505336400;Qarah Gawl al ‘Ulyā;0
384848;287.474;1505347200;Qarah Gawl al ‘Ulyā;0
384848;288.081;1505358000;Qarah Gawl al ‘Ulyā;0
384848;303.128;1505368800;Qarah Gawl al ‘Ulyā;0
384848;309.428;1505379600;Qarah Gawl al ‘Ulyā;0
384848;309.759;1505390400;Qarah Gawl al ‘Ulyā;0
384848;301.963;1505401200;Qarah Gawl al ‘Ulyā;0
384848;292.438;1505412000;Qarah Gawl al ‘Ulyā;0
384848;289.425;1505422800;Qarah Gawl al ‘Ulyā;0
384848;287.707;1505433600;Qarah Gawl al ‘Ulyā;0
384848;288.236;1505444400;Qarah Gawl al ‘Ulyā;0
384848;303.397;1505455200;Qarah Gawl al ‘Ulyā;0
384848;308.971;1505466000;Qarah Gawl al ‘Ulyā;0
384848;308.788;1505476800;Qarah Gawl al ‘Ulyā;0
384848;301.14;1505487600;Qarah Gawl al ‘Ulyā;0
384848;291.525;1505498400;Qarah Gawl al ‘Ulyā;0
569143;285.74;1505077200;Cherkizovo;8
569143;285.78;1505088000;Cherkizovo;32
569143;286.62;1505098800;Cherkizovo;24
569143;290.276;1505109600;Cherkizovo;20
569143;293.798;1505120400;Cherkizovo;24
569143;294.049;1505131200;Cherkizovo;20
569143;293.013;1505142000;Cherkizovo;36
569143;292.03;1505152800;Cherkizovo;36
569143;291.024;1505163600;Cherkizovo;8
569143;290.094;1505174400;Cherkizovo;24
569143;289.13;1505185200;Cherkizovo;12
569143;291.685;1505196000;Cherkizovo;36
569143;294.117;1505206800;Cherkizovo;44
569143;296.782;1505217600;Cherkizovo;0
569143;295.533;1505228400;Cherkizovo;0
569143;292.88;1505239200;Cherkizovo;8
569143;291.456;1505250000;Cherkizovo;20
569143;290.097;1505260800;Cherkizovo;36
569143;289.211;1505271600;Cherkizovo;32
569143;292.478;1505282400;Cherkizovo;44
569143;295.741;1505293200;Cherkizovo;56
569143;296.659;1505304000;Cherkizovo;20
569143;294.929;1505314800;Cherkizovo;24
569143;290.762;1505325600;Cherkizovo;92
569143;288.297;1505336400;Cherkizovo;36
569143;286.624;1505347200;Cherkizovo;20
569143;285.631;1505358000;Cherkizovo;48
569143;287.978;1505368800;Cherkizovo;8
569143;290.978;1505379600;Cherkizovo;8
569143;291.959;1505390400;Cherkizovo;92
569143;291.613;1505401200;Cherkizovo;92
569143;291.288;1505412000;Cherkizovo;88
569143;291.125;1505422800;Cherkizovo;92
569143;290.457;1505433600;Cherkizovo;88
569143;289.736;1505444400;Cherkizovo;64
569143;290.447;1505455200;Cherkizovo;48
569143;292.521;1505466000;Cherkizovo;80
569143;288.988;1505476800;Cherkizovo;100
569143;286.19;1505487600;Cherkizovo;88
569143;285.575;1505498400;Cherkizovo;80
713514;294.06;1505077200;Alupka;0
713514;293.84;1505088000;Alupka;0
713514;294.22;1505098800;Alupka;0
713514;296.08;1505109600;Alupka;0
713514;296.948;1505120400;Alupka;0
713514;297.099;1505131200;Alupka;0
713514;296.363;1505142000;Alupka;0
713514;293.93;1505152800;Alupka;0
713514;292.874;1505163600;Alupka;0
713514;292.594;1505174400;Alupka;0
713514;292.73;1505185200;Alupka;12
713514;295.735;1505196000;Alupka;0
713514;297.717;1505206800;Alupka;0
713514;298.432;1505217600;Alupka;0
713514;297.683;1505228400;Alupka;0
713514;295.43;1505239200;Alupka;0
713514;294.556;1505250000;Alupka;0
713514;294.397;1505260800;Alupka;0
713514;294.311;1505271600;Alupka;0
713514;296.728;1505282400;Alupka;0
713514;298.141;1505293200;Alupka;0
713514;298.309;1505304000;Alupka;0
713514;297.279;1505314800;Alupka;0
713514;295.062;1505325600;Alupka;0
713514;293.597;1505336400;Alupka;0
713514;292.724;1505347200;Alupka;8
713514;292.281;1505358000;Alupka;0
713514;294.828;1505368800;Alupka;0
713514;296.078;1505379600;Alupka;0
713514;296.009;1505390400;Alupka;0
713514;295.363;1505401200;Alupka;0
713514;293.688;1505412000;Alupka;0
713514;293.175;1505422800;Alupka;0
713514;292.957;1505433600;Alupka;0
713514;292.686;1505444400;Alupka;0
713514;295.247;1505455200;Alupka;0
713514;296.571;1505466000;Alupka;0
713514;297.338;1505476800;Alupka;0
713514;296.84;1505487600;Alupka;0
713514;294.925;1505498400;Alupka;0
2878044;285.02;1505077200;Lichtenrade;0
2878044;283.65;1505088000;Lichtenrade;0
2878044;283.33;1505098800;Lichtenrade;0
2878044;285.03;1505109600;Lichtenrade;24
2878044;290.148;1505120400;Lichtenrade;88
2878044;291.649;1505131200;Lichtenrade;88
2878044;292.913;1505142000;Lichtenrade;48
2878044;291.53;1505152800;Lichtenrade;92
2878044;289.024;1505163600;Lichtenrade;8
2878044;287.244;1505174400;Lichtenrade;0
2878044;286.48;1505185200;Lichtenrade;0
2878044;286.885;1505196000;Lichtenrade;12
2878044;291.117;1505206800;Lichtenrade;44
2878044;291.132;1505217600;Lichtenrade;88
2878044;289.383;1505228400;Lichtenrade;68
2878044;288.48;1505239200;Lichtenrade;44
2878044;286.956;1505250000;Lichtenrade;12
2878044;285.747;1505260800;Lichtenrade;0
2878044;284.611;1505271600;Lichtenrade;0
2878044;285.978;1505282400;Lichtenrade;100
2878044;288.741;1505293200;Lichtenrade;0
2878044;291.459;1505304000;Lichtenrade;44
2878044;290.879;1505314800;Lichtenrade;88
2878044;288.762;1505325600;Lichtenrade;8
2878044;288.547;1505336400;Lichtenrade;80
2878044;287.324;1505347200;Lichtenrade;100
2878044;286.881;1505358000;Lichtenrade;92
2878044;287.028;1505368800;Lichtenrade;64
2878044;288.878;1505379600;Lichtenrade;80
2878044;288.509;1505390400;Lichtenrade;92
2878044;286.613;1505401200;Lichtenrade;92
2878044;284.438;1505412000;Lichtenrade;80
2878044;284.425;1505422800;Lichtenrade;92
2878044;284.758;1505433600;Lichtenrade;88
2878044;284.686;1505444400;Lichtenrade;92
2878044;285.647;1505455200;Lichtenrade;92
2878044;287.521;1505466000;Lichtenrade;64
2878044;289.038;1505476800;Lichtenrade;68
2878044;289.49;1505487600;Lichtenrade;36
2878044;287.725;1505498400;Lichtenrade;32
464176;285.88;1505077200;Zavety Il’icha;8
464176;285.87;1505088000;Zavety Il’icha;32
464176;286.66;1505098800;Zavety Il’icha;24
464176;290.276;1505109600;Zavety Il’icha;20
464176;293.798;1505120400;Zavety Il’icha;24
464176;294.049;1505131200;Zavety Il’icha;20
464176;293.013;1505142000;Zavety Il’icha;36
464176;292.03;1505152800;Zavety Il’icha;36
464176;291.024;1505163600;Zavety Il’icha;8
464176;290.094;1505174400;Zavety Il’icha;24
464176;289.13;1505185200;Zavety Il’icha;12
464176;291.685;1505196000;Zavety Il’icha;36
464176;294.117;1505206800;Zavety Il’icha;44
464176;296.782;1505217600;Zavety Il’icha;0
464176;295.533;1505228400;Zavety Il’icha;0
464176;292.88;1505239200;Zavety Il’icha;8
464176;291.456;1505250000;Zavety Il’icha;20
464176;290.097;1505260800;Zavety Il’icha;36
464176;289.211;1505271600;Zavety Il’icha;32
464176;292.478;1505282400;Zavety Il’icha;44
464176;295.741;1505293200;Zavety Il’icha;56
464176;296.659;1505304000;Zavety Il’icha;20
464176;294.929;1505314800;Zavety Il’icha;24
464176;290.762;1505325600;Zavety Il’icha;92
464176;288.297;1505336400;Zavety Il’icha;36
464176;286.624;1505347200;Zavety Il’icha;20
464176;285.631;1505358000;Zavety Il’icha;48
464176;287.978;1505368800;Zavety Il’icha;8
464176;290.978;1505379600;Zavety Il’icha;8
464176;291.959;1505390400;Zavety Il’icha;92
464176;291.613;1505401200;Zavety Il’icha;92
464176;291.288;1505412000;Zavety Il’icha;88
464176;291.125;1505422800;Zavety Il’icha;92
464176;290.457;1505433600;Zavety Il’icha;88
464176;289.736;1505444400;Zavety Il’icha;64
464176;290.447;1505455200;Zavety Il’icha;48
464176;292.521;1505466000;Zavety Il’icha;80
464176;288.988;1505476800;Zavety Il’icha;100
464176;286.19;1505487600;Zavety Il’icha;88
464176;285.575;1505498400;Zavety Il’icha;80
295582;293.17;1505077200;‘Azriqam;0
295582;291.81;1505088000;‘Azriqam;0
295582;290.83;1505098800;‘Azriqam;0
295582;299.126;1505109600;‘Azriqam;0
295582;304.398;1505120400;‘Azriqam;0
295582;305.399;1505131200;‘Azriqam;0
295582;302.863;1505142000;‘Azriqam;0
295582;297.08;1505152800;‘Azriqam;0
295582;293.474;1505163600;‘Azriqam;0
295582;291.294;1505174400;‘Azriqam;0
295582;289.93;1505185200;‘Azriqam;0
295582;299.035;1505196000;‘Azriqam;0
295582;304.967;1505206800;‘Azriqam;0
295582;306.532;1505217600;‘Azriqam;0
295582;302.583;1505228400;‘Azriqam;0
295582;295.03;1505239200;‘Azriqam;0
295582;291.906;1505250000;‘Azriqam;0
295582;290.347;1505260800;‘Azriqam;0
295582;289.511;1505271600;‘Azriqam;12
295582;297.178;1505282400;‘Azriqam;12
295582;304.741;1505293200;‘Azriqam;0
295582;305.259;1505304000;‘Azriqam;36
295582;301.629;1505314800;‘Azriqam;24
295582;295.512;1505325600;‘Azriqam;24
295582;293.097;1505336400;‘Azriqam;0
295582;293.474;1505347200;‘Azriqam;88
295582;295.581;1505358000;‘Azriqam;100
295582;297.628;1505368800;‘Azriqam;92
295582;301.978;1505379600;‘Azriqam;24
295582;303.709;1505390400;‘Azriqam;0
295582;301.313;1505401200;‘Azriqam;0
295582;296.488;1505412000;‘Azriqam;0
295582;293.575;1505422800;‘Azriqam;0
295582;292.408;1505433600;‘Azriqam;100
295582;295.586;1505444400;‘Azriqam;100
295582;298.097;1505455200;‘Azriqam;56
295582;302.521;1505466000;‘Azriqam;0
295582;303.638;1505476800;‘Azriqam;0
295582;300.89;1505487600;‘Azriqam;0
295582;295.725;1505498400;‘Azriqam;0
1271231;298.61;1505077200;Ghūra;44
1271231;298.54;1505088000;Ghūra;36
1271231;303.37;1505098800;Ghūra;32
1271231;307.83;1505109600;Ghūra;32
1271231;300.698;1505120400;Ghūra;24
1271231;299.499;1505131200;Ghūra;68
1271231;298.963;1505142000;Ghūra;56
1271231;298.03;1505152800;Ghūra;32
1271231;296.274;1505163600;Ghūra;56
1271231;295.694;1505174400;Ghūra;64
1271231;298.98;1505185200;Ghūra;20
1271231;303.485;1505196000;Ghūra;36
1271231;304.917;1505206800;Ghūra;44
1271231;304.082;1505217600;Ghūra;24
1271231;300.383;1505228400;Ghūra;36
1271231;298.68;1505239200;Ghūra;12
1271231;298.056;1505250000;Ghūra;20
1271231;297.797;1505260800;Ghūra;12
1271231;302.411;1505271600;Ghūra;24
1271231;306.378;1505282400;Ghūra;8
1271231;306.941;1505293200;Ghūra;48
1271231;303.709;1505304000;Ghūra;44
1271231;299.129;1505314800;Ghūra;24
1271231;298.112;1505325600;Ghūra;0
1271231;297.847;1505336400;Ghūra;32
1271231;298.224;1505347200;Ghūra;92
1271231;301.031;1505358000;Ghūra;56
1271231;305.978;1505368800;Ghūra;12
1271231;307.628;1505379600;Ghūra;48
1271231;300.459;1505390400;Ghūra;44
1271231;297.913;1505401200;Ghūra;44
1271231;297.388;1505412000;Ghūra;36
1271231;296.925;1505422800;Ghūra;44
1271231;296.807;1505433600;Ghūra;36
1271231;300.486;1505444400;Ghūra;8
1271231;305.147;1505455200;Ghūra;0
1271231;307.971;1505466000;Ghūra;0
1271231;306.888;1505476800;Ghūra;20
1271231;302.34;1505487600;Ghūra;36
1271231;296.875;1505498400;Ghūra;8
690856;294.06;1505077200;Tyuzler;0
690856;293.84;1505088000;Tyuzler;0
690856;294.22;1505098800;Tyuzler;0
690856;296.08;1505109600;Tyuzler;0
690856;296.948;1505120400;Tyuzler;0
690856;297.099;1505131200;Tyuzler;0
690856;296.363;1505142000;Tyuzler;0
690856;293.93;1505152800;Tyuzler;0
690856;292.874;1505163600;Tyuzler;0
690856;292.594;1505174400;Tyuzler;0
690856;292.73;1505185200;Tyuzler;12
690856;295.735;1505196000;Tyuzler;0
690856;297.717;1505206800;Tyuzler;0
690856;298.432;1505217600;Tyuzler;0
690856;297.683;1505228400;Tyuzler;0
690856;295.43;1505239200;Tyuzler;0
690856;294.556;1505250000;Tyuzler;0
690856;294.397;1505260800;Tyuzler;0
690856;294.311;1505271600;Tyuzler;0
690856;296.728;1505282400;Tyuzler;0
690856;298.141;1505293200;Tyuzler;0
690856;298.309;1505304000;Tyuzler;0
690856;297.279;1505314800;Tyuzler;0
690856;295.062;1505325600;Tyuzler;0
690856;293.597;1505336400;Tyuzler;0
690856;292.724;1505347200;Tyuzler;8
690856;292.281;1505358000;Tyuzler;0
690856;294.828;1505368800;Tyuzler;0
690856;296.078;1505379600;Tyuzler;0
690856;296.009;1505390400;Tyuzler;0
690856;295.363;1505401200;Tyuzler;0
690856;293.688;1505412000;Tyuzler;0
690856;293.175;1505422800;Tyuzler;0
690856;292.957;1505433600;Tyuzler;0
690856;292.686;1505444400;Tyuzler;0
690856;295.247;1505455200;Tyuzler;0
690856;296.571;1505466000;Tyuzler;0
690856;297.338;1505476800;Tyuzler;0
690856;296.84;1505487600;Tyuzler;0
690856;294.925;1505498400;Tyuzler;0
464737;284.01;1505077200;Zaponor’ye;0
464737;284.02;1505088000;Zaponor’ye;0
464737;285.51;1505098800;Zaponor’ye;48
464737;290.276;1505109600;Zaponor’ye;64
464737;293.848;1505120400;Zaponor’ye;12
464737;295.549;1505131200;Zaponor’ye;20
464737;293.713;1505142000;Zaponor’ye;64
464737;291.88;1505152800;Zaponor’ye;36
464737;291.074;1505163600;Zaponor’ye;32
464737;289.594;1505174400;Zaponor’ye;20
464737;288.48;1505185200;Zaponor’ye;24
464737;292.435;1505196000;Zaponor’ye;24
464737;295.917;1505206800;Zaponor’ye;8
464737;298.082;1505217600;Zaponor’ye;0
464737;296.383;1505228400;Zaponor’ye;0
464737;292.48;1505239200;Zaponor’ye;8
464737;290.556;1505250000;Zaponor’ye;8
464737;288.747;1505260800;Zaponor’ye;24
464737;288.161;1505271600;Zaponor’ye;32
464737;293.078;1505282400;Zaponor’ye;12
464737;296.641;1505293200;Zaponor’ye;12
464737;297.859;1505304000;Zaponor’ye;32
464737;295.879;1505314800;Zaponor’ye;0
464737;293.262;1505325600;Zaponor’ye;100
464737;290.347;1505336400;Zaponor’ye;76
464737;288.174;1505347200;Zaponor’ye;32
464737;286.381;1505358000;Zaponor’ye;64
464737;288.328;1505368800;Zaponor’ye;76
464737;291.928;1505379600;Zaponor’ye;0
464737;293.309;1505390400;Zaponor’ye;24
464737;292.963;1505401200;Zaponor’ye;80
464737;292.588;1505412000;Zaponor’ye;88
464737;292.075;1505422800;Zaponor’ye;88
464737;291.408;1505433600;Zaponor’ye;56
464737;290.386;1505444400;Zaponor’ye;76
464737;292.097;1505455200;Zaponor’ye;8
464737;294.021;1505466000;Zaponor’ye;64
464737;295.138;1505476800;Zaponor’ye;36
464737;287.39;1505487600;Zaponor’ye;0
464737;285.575;1505498400;Zaponor’ye;48
707716;294.06;1505077200;Il’ichëvka;0
707716;293.84;1505088000;Il’ichëvka;0
707716;294.22;1505098800;Il’ichëvka;0
707716;296.08;1505109600;Il’ichëvka;0
707716;296.948;1505120400;Il’ichëvka;0
707716;297.099;1505131200;Il’ichëvka;0
707716;296.363;1505142000;Il’ichëvka;0
707716;293.93;1505152800;Il’ichëvka;0
707716;292.874;1505163600;Il’ichëvka;0
707716;292.594;1505174400;Il’ichëvka;0
707716;292.73;1505185200;Il’ichëvka;12
707716;295.735;1505196000;Il’ichëvka;0
707716;297.717;1505206800;Il’ichëvka;0
707716;298.432;1505217600;Il’ichëvka;0
707716;297.683;1505228400;Il’ichëvka;0
707716;295.43;1505239200;Il’ichëvka;0
707716;294.556;1505250000;Il’ichëvka;0
707716;294.397;1505260800;Il’ichëvka;0
707716;294.311;1505271600;Il’ichëvka;0
707716;296.728;1505282400;Il’ichëvka;0
707716;298.141;1505293200;Il’ichëvka;0
707716;298.309;1505304000;Il’ichëvka;0
707716;297.279;1505314800;Il’ichëvka;0
707716;295.062;1505325600;Il’ichëvka;0
707716;293.597;1505336400;Il’ichëvka;0
707716;292.724;1505347200;Il’ichëvka;8
707716;292.281;1505358000;Il’ichëvka;0
707716;294.828;1505368800;Il’ichëvka;0
707716;296.078;1505379600;Il’ichëvka;0
707716;296.009;1505390400;Il’ichëvka;0
707716;295.363;1505401200;Il’ichëvka;0
707716;293.688;1505412000;Il’ichëvka;0
707716;293.175;1505422800;Il’ichëvka;0
707716;292.957;1505433600;Il’ichëvka;0
707716;292.686;1505444400;Il’ichëvka;0
707716;295.247;1505455200;Il’ichëvka;0
707716;296.571;1505466000;Il’ichëvka;0
707716;297.338;1505476800;Il’ichëvka;0
707716;296.84;1505487600;Il’ichëvka;0
707716;294.925;1505498400;Il’ichëvka;0
697959;287.01;1505077200;Partyzans’ke;0
697959;285.59;1505088000;Partyzans’ke;0
697959;284.52;1505098800;Partyzans’ke;0
697959;294.03;1505109600;Partyzans’ke;0
697959;299.448;1505120400;Partyzans’ke;0
697959;300.549;1505131200;Partyzans’ke;0
697959;298.313;1505142000;Partyzans’ke;0
697959;290.53;1505152800;Partyzans’ke;0
697959;287.624;1505163600;Partyzans’ke;0
697959;284.744;1505174400;Partyzans’ke;0
697959;285.08;1505185200;Partyzans’ke;20
697959;294.135;1505196000;Partyzans’ke;0
697959;301.267;1505206800;Partyzans’ke;0
697959;301.782;1505217600;Partyzans’ke;0
697959;298.883;1505228400;Partyzans’ke;0
697959;292.38;1505239200;Partyzans’ke;0
697959;289.456;1505250000;Partyzans’ke;0
697959;288.497;1505260800;Partyzans’ke;0
697959;289.161;1505271600;Partyzans’ke;0
697959;296.778;1505282400;Partyzans’ke;0
697959;299.991;1505293200;Partyzans’ke;0
697959;298.859;1505304000;Partyzans’ke;0
697959;296.429;1505314800;Partyzans’ke;0
697959;291.812;1505325600;Partyzans’ke;0
697959;290.897;1505336400;Partyzans’ke;20
697959;288.374;1505347200;Partyzans’ke;0
697959;285.581;1505358000;Partyzans’ke;0
697959;292.578;1505368800;Partyzans’ke;0
697959;295.928;1505379600;Partyzans’ke;0
697959;297.159;1505390400;Partyzans’ke;0
697959;295.313;1505401200;Partyzans’ke;0
697959;288.188;1505412000;Partyzans’ke;0
697959;285.375;1505422800;Partyzans’ke;0
697959;283.758;1505433600;Partyzans’ke;0
697959;282.536;1505444400;Partyzans’ke;0
697959;292.697;1505455200;Partyzans’ke;0
697959;297.871;1505466000;Partyzans’ke;0
697959;298.588;1505476800;Partyzans’ke;0
697959;296.19;1505487600;Partyzans’ke;0
697959;288.575;1505498400;Partyzans’ke;0
803611;282.61;1505077200;Yurevichi;0
803611;280.87;1505088000;Yurevichi;0
803611;282.01;1505098800;Yurevichi;0
803611;291.526;1505109600;Yurevichi;0
803611;295.348;1505120400;Yurevichi;0
803611;295.649;1505131200;Yurevichi;0
803611;292.713;1505142000;Yurevichi;0
803611;286.43;1505152800;Yurevichi;0
803611;285.474;1505163600;Yurevichi;0
803611;282.244;1505174400;Yurevichi;0
803611;282.83;1505185200;Yurevichi;0
803611;291.735;1505196000;Yurevichi;0
803611;295.817;1505206800;Yurevichi;0
803611;296.682;1505217600;Yurevichi;0
803611;293.283;1505228400;Yurevichi;0
803611;286.38;1505239200;Yurevichi;0
803611;283.356;1505250000;Yurevichi;0
803611;282.047;1505260800;Yurevichi;0
803611;281.361;1505271600;Yurevichi;0
803611;292.728;1505282400;Yurevichi;0
803611;298.041;1505293200;Yurevichi;0
803611;298.359;1505304000;Yurevichi;0
803611;294.229;1505314800;Yurevichi;0
803611;286.012;1505325600;Yurevichi;0
803611;282.547;1505336400;Yurevichi;0
803611;280.724;1505347200;Yurevichi;0
803611;279.831;1505358000;Yurevichi;0
803611;290.978;1505368800;Yurevichi;0
803611;295.278;1505379600;Yurevichi;0
803611;295.959;1505390400;Yurevichi;0
803611;293.313;1505401200;Yurevichi;0
803611;287.038;1505412000;Yurevichi;0
803611;285.475;1505422800;Yurevichi;0
803611;285.207;1505433600;Yurevichi;0
803611;284.086;1505444400;Yurevichi;0
803611;292.497;1505455200;Yurevichi;0
803611;297.171;1505466000;Yurevichi;0
803611;297.538;1505476800;Yurevichi;0
803611;294.29;1505487600;Yurevichi;0
803611;287.625;1505498400;Yurevichi;0
614371;286.71;1505077200;Gumist’a;0
614371;287.34;1505088000;Gumist’a;0
614371;288.27;1505098800;Gumist’a;0
614371;294.38;1505109600;Gumist’a;0
614371;297.448;1505120400;Gumist’a;0
614371;297.649;1505131200;Gumist’a;0
614371;295.063;1505142000;Gumist’a;0
614371;290.88;1505152800;Gumist’a;0
614371;289.474;1505163600;Gumist’a;0
614371;288.644;1505174400;Gumist’a;0
614371;289.33;1505185200;Gumist’a;0
614371;295.185;1505196000;Gumist’a;0
614371;298.467;1505206800;Gumist’a;0
614371;299.082;1505217600;Gumist’a;0
614371;296.033;1505228400;Gumist’a;0
614371;290.23;1505239200;Gumist’a;0
614371;287.606;1505250000;Gumist’a;0
614371;287.397;1505260800;Gumist’a;0
614371;289.011;1505271600;Gumist’a;0
614371;296.128;1505282400;Gumist’a;0
614371;300.241;1505293200;Gumist’a;0
614371;299.859;1505304000;Gumist’a;0
614371;296.379;1505314800;Gumist’a;0
614371;290.362;1505325600;Gumist’a;0
614371;287.647;1505336400;Gumist’a;0
614371;286.474;1505347200;Gumist’a;0
614371;285.831;1505358000;Gumist’a;0
614371;293.578;1505368800;Gumist’a;0
614371;296.228;1505379600;Gumist’a;0
614371;296.709;1505390400;Gumist’a;0
614371;294.313;1505401200;Gumist’a;12
614371;290.538;1505412000;Gumist’a;32
614371;289.175;1505422800;Gumist’a;8
614371;288.158;1505433600;Gumist’a;24
614371;287.086;1505444400;Gumist’a;0
614371;294.447;1505455200;Gumist’a;0
614371;297.521;1505466000;Gumist’a;0
614371;298.688;1505476800;Gumist’a;0
614371;295.59;1505487600;Gumist’a;0
614371;290.275;1505498400;Gumist’a;24
874560;292.83;1505077200;Ptitsefabrika;0
874560;293.9;1505088000;Ptitsefabrika;0
874560;294.7;1505098800;Ptitsefabrika;0
874560;297.576;1505109600;Ptitsefabrika;0
874560;299.348;1505120400;Ptitsefabrika;0
874560;299.149;1505131200;Ptitsefabrika;0
874560;298.413;1505142000;Ptitsefabrika;0
874560;297.28;1505152800;Ptitsefabrika;0
874560;297.424;1505163600;Ptitsefabrika;0
874560;297.544;1505174400;Ptitsefabrika;0
874560;297.33;1505185200;Ptitsefabrika;0
874560;299.335;1505196000;Ptitsefabrika;0
874560;300.567;1505206800;Ptitsefabrika;0
874560;300.332;1505217600;Ptitsefabrika;0
874560;299.833;1505228400;Ptitsefabrika;0
874560;298.03;1505239200;Ptitsefabrika;0
874560;297.456;1505250000;Ptitsefabrika;0
874560;297.147;1505260800;Ptitsefabrika;0
874560;297.111;1505271600;Ptitsefabrika;0
874560;300.028;1505282400;Ptitsefabrika;0
874560;301.341;1505293200;Ptitsefabrika;0
874560;300.609;1505304000;Ptitsefabrika;0
874560;299.629;1505314800;Ptitsefabrika;0
874560;297.212;1505325600;Ptitsefabrika;0
874560;295.347;1505336400;Ptitsefabrika;0
874560;294.324;1505347200;Ptitsefabrika;12
874560;294.231;1505358000;Ptitsefabrika;8
874560;296.728;1505368800;Ptitsefabrika;12
874560;297.828;1505379600;Ptitsefabrika;0
874560;297.809;1505390400;Ptitsefabrika;0
874560;296.513;1505401200;Ptitsefabrika;0
874560;295.138;1505412000;Ptitsefabrika;48
874560;294.525;1505422800;Ptitsefabrika;20
874560;294.158;1505433600;Ptitsefabrika;24
874560;293.986;1505444400;Ptitsefabrika;24
874560;295.897;1505455200;Ptitsefabrika;8
874560;296.971;1505466000;Ptitsefabrika;0
874560;298.338;1505476800;Ptitsefabrika;0
874560;297.99;1505487600;Ptitsefabrika;0
874560;295.775;1505498400;Ptitsefabrika;12
874652;292.83;1505077200;Orekhovo;0
874652;293.9;1505088000;Orekhovo;0
874652;294.7;1505098800;Orekhovo;0
874652;297.576;1505109600;Orekhovo;0
874652;299.348;1505120400;Orekhovo;0
874652;299.149;1505131200;Orekhovo;0
874652;298.413;1505142000;Orekhovo;0
874652;297.28;1505152800;Orekhovo;0
874652;297.424;1505163600;Orekhovo;0
874652;297.544;1505174400;Orekhovo;0
874652;297.33;1505185200;Orekhovo;0
874652;299.335;1505196000;Orekhovo;0
874652;300.567;1505206800;Orekhovo;0
874652;300.332;1505217600;Orekhovo;0
874652;299.833;1505228400;Orekhovo;0
874652;298.03;1505239200;Orekhovo;0
874652;297.456;1505250000;Orekhovo;0
874652;297.147;1505260800;Orekhovo;0
874652;297.111;1505271600;Orekhovo;0
874652;300.028;1505282400;Orekhovo;0
874652;301.341;1505293200;Orekhovo;0
874652;300.609;1505304000;Orekhovo;0
874652;299.629;1505314800;Orekhovo;0
874652;297.212;1505325600;Orekhovo;0
874652;295.347;1505336400;Orekhovo;0
874652;294.324;1505347200;Orekhovo;12
874652;294.231;1505358000;Orekhovo;8
874652;296.728;1505368800;Orekhovo;12
874652;297.828;1505379600;Orekhovo;0
874652;297.809;1505390400;Orekhovo;0
874652;296.513;1505401200;Orekhovo;0
874652;295.138;1505412000;Orekhovo;48
874652;294.525;1505422800;Orekhovo;20
874652;294.158;1505433600;Orekhovo;24
874652;293.986;1505444400;Orekhovo;24
874652;295.897;1505455200;Orekhovo;8
874652;296.971;1505466000;Orekhovo;0
874652;298.338;1505476800;Orekhovo;0
874652;297.99;1505487600;Orekhovo;0
874652;295.775;1505498400;Orekhovo;12
2347078;294.36;1505077200;Birim;48
2347078;294.99;1505088000;Birim;64
2347078;293.72;1505098800;Birim;0
2347078;294.43;1505109600;Birim;20
2347078;301.198;1505120400;Birim;12
2347078;304.899;1505131200;Birim;56
2347078;306.013;1505142000;Birim;88
2347078;300.68;1505152800;Birim;20
2347078;297.074;1505163600;Birim;0
2347078;296.094;1505174400;Birim;0
2347078;295.08;1505185200;Birim;12
2347078;295.285;1505196000;Birim;100
2347078;302.367;1505206800;Birim;0
2347078;306.332;1505217600;Birim;0
2347078;307.083;1505228400;Birim;12
2347078;302.38;1505239200;Birim;24
2347078;298.456;1505250000;Birim;56
2347078;297.597;1505260800;Birim;32
2347078;295.861;1505271600;Birim;0
2347078;296.228;1505282400;Birim;12
2347078;301.941;1505293200;Birim;56
2347078;305.909;1505304000;Birim;0
2347078;297.029;1505314800;Birim;36
2347078;295.112;1505325600;Birim;80
2347078;294.597;1505336400;Birim;88
2347078;294.974;1505347200;Birim;92
2347078;294.581;1505358000;Birim;56
2347078;295.078;1505368800;Birim;92
2347078;298.678;1505379600;Birim;76
2347078;301.809;1505390400;Birim;68
2347078;303.313;1505401200;Birim;0
2347078;300.738;1505412000;Birim;48
2347078;298.525;1505422800;Birim;12
2347078;296.108;1505433600;Birim;8
2347078;294.686;1505444400;Birim;0
2347078;294.647;1505455200;Birim;64
2347078;300.521;1505466000;Birim;0
2347078;305.288;1505476800;Birim;0
2347078;305.79;1505487600;Birim;12
2347078;298.925;1505498400;Birim;48
2051302;293.56;1505077200;Priiskovyy;92
2051302;293.14;1505088000;Priiskovyy;92
2051302;294.32;1505098800;Priiskovyy;92
2051302;292.13;1505109600;Priiskovyy;92
2051302;293.398;1505120400;Priiskovyy;92
2051302;293.549;1505131200;Priiskovyy;92
2051302;293.063;1505142000;Priiskovyy;88
2051302;292.38;1505152800;Priiskovyy;92
2051302;291.724;1505163600;Priiskovyy;92
2051302;290.794;1505174400;Priiskovyy;8
2051302;291.53;1505185200;Priiskovyy;0
2051302;292.135;1505196000;Priiskovyy;0
2051302;292.317;1505206800;Priiskovyy;0
2051302;292.482;1505217600;Priiskovyy;8
2051302;292.383;1505228400;Priiskovyy;44
2051302;291.48;1505239200;Priiskovyy;64
2051302;290.606;1505250000;Priiskovyy;32
2051302;290.697;1505260800;Priiskovyy;48
2051302;291.411;1505271600;Priiskovyy;8
2051302;292.828;1505282400;Priiskovyy;8
2051302;293.441;1505293200;Priiskovyy;44
2051302;293.709;1505304000;Priiskovyy;44
2051302;293.879;1505314800;Priiskovyy;76
2051302;293.862;1505325600;Priiskovyy;88
2051302;293.647;1505336400;Priiskovyy;88
2051302;293.074;1505347200;Priiskovyy;12
2051302;290.881;1505358000;Priiskovyy;48
2051302;290.778;1505368800;Priiskovyy;24
2051302;291.628;1505379600;Priiskovyy;0
2051302;291.559;1505390400;Priiskovyy;0
2051302;291.163;1505401200;Priiskovyy;0
2051302;290.838;1505412000;Priiskovyy;0
2051302;290.575;1505422800;Priiskovyy;0
2051302;290.508;1505433600;Priiskovyy;0
2051302;291.036;1505444400;Priiskovyy;0
2051302;291.647;1505455200;Priiskovyy;0
2051302;292.321;1505466000;Priiskovyy;36
2051302;292.638;1505476800;Priiskovyy;36
2051302;292.74;1505487600;Priiskovyy;36
2051302;292.725;1505498400;Priiskovyy;44
563692;274.71;1505077200;Dzhaga;0
563692;273.44;1505088000;Dzhaga;0
563692;272.57;1505098800;Dzhaga;0
563692;282.88;1505109600;Dzhaga;0
563692;286.348;1505120400;Dzhaga;8
563692;286.549;1505131200;Dzhaga;8
563692;284.213;1505142000;Dzhaga;24
563692;279.63;1505152800;Dzhaga;0
563692;276.624;1505163600;Dzhaga;0
563692;275.344;1505174400;Dzhaga;0
563692;273.88;1505185200;Dzhaga;0
563692;282.785;1505196000;Dzhaga;0
563692;287.317;1505206800;Dzhaga;0
563692;288.232;1505217600;Dzhaga;0
563692;285.183;1505228400;Dzhaga;0
563692;278.18;1505239200;Dzhaga;0
563692;274.206;1505250000;Dzhaga;0
563692;271.747;1505260800;Dzhaga;0
563692;269.811;1505271600;Dzhaga;0
563692;283.578;1505282400;Dzhaga;0
563692;288.441;1505293200;Dzhaga;0
563692;288.959;1505304000;Dzhaga;0
563692;285.579;1505314800;Dzhaga;0
563692;278.712;1505325600;Dzhaga;0
563692;275.797;1505336400;Dzhaga;0
563692;274.724;1505347200;Dzhaga;0
563692;273.981;1505358000;Dzhaga;0
563692;284.828;1505368800;Dzhaga;0
563692;288.378;1505379600;Dzhaga;0
563692;288.309;1505390400;Dzhaga;36
563692;285.413;1505401200;Dzhaga;36
563692;281.038;1505412000;Dzhaga;0
563692;277.925;1505422800;Dzhaga;0
563692;275.858;1505433600;Dzhaga;0
563692;274.686;1505444400;Dzhaga;0
563692;284.747;1505455200;Dzhaga;0
563692;289.021;1505466000;Dzhaga;0
563692;288.888;1505476800;Dzhaga;0
563692;285.34;1505487600;Dzhaga;0
563692;280.425;1505498400;Dzhaga;0
481725;288.01;1505077200;Tret’ya Rota;0
481725;287.67;1505088000;Tret’ya Rota;0
481725;289.51;1505098800;Tret’ya Rota;0
481725;295.876;1505109600;Tret’ya Rota;0
481725;299.398;1505120400;Tret’ya Rota;0
481725;299.649;1505131200;Tret’ya Rota;0
481725;297.413;1505142000;Tret’ya Rota;0
481725;292.48;1505152800;Tret’ya Rota;0
481725;292.874;1505163600;Tret’ya Rota;0
481725;291.194;1505174400;Tret’ya Rota;0
481725;291.13;1505185200;Tret’ya Rota;0
481725;297.035;1505196000;Tret’ya Rota;0
481725;300.967;1505206800;Tret’ya Rota;0
481725;300.982;1505217600;Tret’ya Rota;0
481725;298.333;1505228400;Tret’ya Rota;0
481725;293.13;1505239200;Tret’ya Rota;0
481725;293.106;1505250000;Tret’ya Rota;0
481725;292.297;1505260800;Tret’ya Rota;0
481725;291.961;1505271600;Tret’ya Rota;0
481725;298.428;1505282400;Tret’ya Rota;0
481725;301.591;1505293200;Tret’ya Rota;0
481725;301.259;1505304000;Tret’ya Rota;0
481725;298.229;1505314800;Tret’ya Rota;0
481725;292.762;1505325600;Tret’ya Rota;0
481725;290.397;1505336400;Tret’ya Rota;0
481725;289.324;1505347200;Tret’ya Rota;0
481725;289.281;1505358000;Tret’ya Rota;0
481725;295.278;1505368800;Tret’ya Rota;24
481725;297.728;1505379600;Tret’ya Rota;12
481725;298.209;1505390400;Tret’ya Rota;0
481725;296.763;1505401200;Tret’ya Rota;0
481725;292.588;1505412000;Tret’ya Rota;0
481725;291.025;1505422800;Tret’ya Rota;0
481725;290.608;1505433600;Tret’ya Rota;0
481725;290.436;1505444400;Tret’ya Rota;0
481725;295.347;1505455200;Tret’ya Rota;12
481725;298.871;1505466000;Tret’ya Rota;0
481725;299.688;1505476800;Tret’ya Rota;0
481725;297.74;1505487600;Tret’ya Rota;0
481725;293.075;1505498400;Tret’ya Rota;0
2638976;285.9;1505077200;Ruislip;24
2638976;284.56;1505088000;Ruislip;76
2638976;284.77;1505098800;Ruislip;88
2638976;285.0;1505109600;Ruislip;92
2638976;286.048;1505120400;Ruislip;80
2638976;289.249;1505131200;Ruislip;44
2638976;289.063;1505142000;Ruislip;76
2638976;287.48;1505152800;Ruislip;88
2638976;286.324;1505163600;Ruislip;8
2638976;284.594;1505174400;Ruislip;8
2638976;283.63;1505185200;Ruislip;20
2638976;283.185;1505196000;Ruislip;0
2638976;287.567;1505206800;Ruislip;0
2638976;289.932;1505217600;Ruislip;20
2638976;289.783;1505228400;Ruislip;8
2638976;286.38;1505239200;Ruislip;92
2638976;288.056;1505250000;Ruislip;92
2638976;286.847;1505260800;Ruislip;76
2638976;285.511;1505271600;Ruislip;80
2638976;284.728;1505282400;Ruislip;24
2638976;286.541;1505293200;Ruislip;32
2638976;288.009;1505304000;Ruislip;20
2638976;288.029;1505314800;Ruislip;44
2638976;286.112;1505325600;Ruislip;24
2638976;283.547;1505336400;Ruislip;36
2638976;282.574;1505347200;Ruislip;92
2638976;281.431;1505358000;Ruislip;24
2638976;280.678;1505368800;Ruislip;32
2638976;285.078;1505379600;Ruislip;48
2638976;288.609;1505390400;Ruislip;32
2638976;287.963;1505401200;Ruislip;32
2638976;286.888;1505412000;Ruislip;68
2638976;284.875;1505422800;Ruislip;20
2638976;282.108;1505433600;Ruislip;0
2638976;281.936;1505444400;Ruislip;92
2638976;283.447;1505455200;Ruislip;76
2638976;285.521;1505466000;Ruislip;80
2638976;286.788;1505476800;Ruislip;92
2638976;285.79;1505487600;Ruislip;92
2638976;285.425;1505498400;Ruislip;44
2892705;286.87;1505077200;Karow;0
2892705;284.8;1505088000;Karow;0
2892705;284.03;1505098800;Karow;12
2892705;285.33;1505109600;Karow;68
2892705;289.148;1505120400;Karow;80
2892705;290.949;1505131200;Karow;88
2892705;291.613;1505142000;Karow;80
2892705;289.93;1505152800;Karow;36
2892705;288.624;1505163600;Karow;0
2892705;286.494;1505174400;Karow;0
2892705;285.88;1505185200;Karow;32
2892705;286.485;1505196000;Karow;8
2892705;289.767;1505206800;Karow;76
2892705;290.932;1505217600;Karow;68
2892705;290.433;1505228400;Karow;48
2892705;288.38;1505239200;Karow;32
2892705;286.356;1505250000;Karow;36
2892705;286.547;1505260800;Karow;56
2892705;284.911;1505271600;Karow;8
2892705;285.378;1505282400;Karow;92
2892705;286.991;1505293200;Karow;92
2892705;290.909;1505304000;Karow;68
2892705;290.429;1505314800;Karow;92
2892705;287.862;1505325600;Karow;80
2892705;286.747;1505336400;Karow;24
2892705;285.974;1505347200;Karow;36
2892705;285.381;1505358000;Karow;36
2892705;285.428;1505368800;Karow;48
2892705;288.978;1505379600;Karow;0
2892705;290.909;1505390400;Karow;64
2892705;284.863;1505401200;Karow;92
2892705;284.538;1505412000;Karow;92
2892705;284.575;1505422800;Karow;76
2892705;284.608;1505433600;Karow;92
2892705;284.436;1505444400;Karow;80
2892705;285.447;1505455200;Karow;92
2892705;287.471;1505466000;Karow;80
2892705;289.438;1505476800;Karow;44
2892705;287.49;1505487600;Karow;56
2892705;284.875;1505498400;Karow;12
2922336;284.98;1505077200;Gatow;0
2922336;283.62;1505088000;Gatow;0
2922336;283.31;1505098800;Gatow;0
2922336;285.02;1505109600;Gatow;24
2922336;290.148;1505120400;Gatow;88
2922336;291.649;1505131200;Gatow;88
2922336;292.913;1505142000;Gatow;48
2922336;291.53;1505152800;Gatow;92
2922336;289.024;1505163600;Gatow;8
2922336;287.244;1505174400;Gatow;0
2922336;286.48;1505185200;Gatow;0
2922336;286.885;1505196000;Gatow;12
2922336;291.117;1505206800;Gatow;44
2922336;291.132;1505217600;Gatow;88
2922336;289.383;1505228400;Gatow;68
2922336;288.48;1505239200;Gatow;44
2922336;286.956;1505250000;Gatow;12
2922336;285.747;1505260800;Gatow;0
2922336;284.611;1505271600;Gatow;0
2922336;285.978;1505282400;Gatow;100
2922336;288.741;1505293200;Gatow;0
2922336;291.459;1505304000;Gatow;44
2922336;290.879;1505314800;Gatow;88
2922336;288.762;1505325600;Gatow;8
2922336;288.547;1505336400;Gatow;80
2922336;287.324;1505347200;Gatow;100
2922336;286.881;1505358000;Gatow;92
2922336;287.028;1505368800;Gatow;64
2922336;288.878;1505379600;Gatow;80
2922336;288.509;1505390400;Gatow;92
2922336;286.613;1505401200;Gatow;92
2922336;284.438;1505412000;Gatow;80
2922336;284.425;1505422800;Gatow;92
2922336;284.758;1505433600;Gatow;88
2922336;284.686;1505444400;Gatow;92
2922336;285.647;1505455200;Gatow;92
2922336;287.521;1505466000;Gatow;64
2922336;289.038;1505476800;Gatow;68
2922336;289.49;1505487600;Gatow;36
2922336;287.725;1505498400;Gatow;32
975511;294.71;1505077200;Mkuze;0
975511;290.34;1505088000;Mkuze;8
975511;287.37;1505098800;Mkuze;0
975511;294.53;1505109600;Mkuze;0
975511;301.748;1505120400;Mkuze;0
975511;306.149;1505131200;Mkuze;0
975511;304.963;1505142000;Mkuze;8
975511;296.73;1505152800;Mkuze;20
975511;291.024;1505163600;Mkuze;8
975511;287.444;1505174400;Mkuze;12
975511;285.38;1505185200;Mkuze;8
975511;295.285;1505196000;Mkuze;20
975511;306.217;1505206800;Mkuze;12
975511;308.832;1505217600;Mkuze;0
975511;306.533;1505228400;Mkuze;0
975511;301.73;1505239200;Mkuze;0
975511;295.356;1505250000;Mkuze;0
975511;290.597;1505260800;Mkuze;0
975511;288.311;1505271600;Mkuze;0
975511;299.128;1505282400;Mkuze;0
975511;308.291;1505293200;Mkuze;0
975511;309.759;1505304000;Mkuze;0
975511;307.279;1505314800;Mkuze;0
975511;299.462;1505325600;Mkuze;0
975511;292.647;1505336400;Mkuze;0
975511;289.824;1505347200;Mkuze;0
975511;289.231;1505358000;Mkuze;20
975511;292.728;1505368800;Mkuze;36
975511;298.428;1505379600;Mkuze;0
975511;301.059;1505390400;Mkuze;0
975511;297.763;1505401200;Mkuze;0
975511;292.388;1505412000;Mkuze;12
975511;290.725;1505422800;Mkuze;64
975511;289.608;1505433600;Mkuze;64
975511;288.636;1505444400;Mkuze;32
975511;292.297;1505455200;Mkuze;36
975511;296.621;1505466000;Mkuze;12
975511;300.038;1505476800;Mkuze;0
975511;299.39;1505487600;Mkuze;0
975511;296.325;1505498400;Mkuze;0
1280737;271.76;1505077200;Lhasa;20
1280737;270.69;1505088000;Lhasa;12
1280737;284.52;1505098800;Lhasa;12
1280737;290.28;1505109600;Lhasa;20
1280737;292.048;1505120400;Lhasa;24
1280737;287.649;1505131200;Lhasa;48
1280737;279.413;1505142000;Lhasa;48
1280737;276.78;1505152800;Lhasa;32
1280737;272.824;1505163600;Lhasa;8
1280737;271.044;1505174400;Lhasa;0
1280737;285.13;1505185200;Lhasa;0
1280737;290.735;1505196000;Lhasa;0
1280737;292.217;1505206800;Lhasa;48
1280737;288.282;1505217600;Lhasa;68
1280737;280.083;1505228400;Lhasa;8
1280737;274.53;1505239200;Lhasa;0
1280737;271.856;1505250000;Lhasa;8
1280737;270.597;1505260800;Lhasa;8
1280737;283.811;1505271600;Lhasa;12
1280737;289.628;1505282400;Lhasa;8
1280737;291.941;1505293200;Lhasa;0
1280737;286.809;1505304000;Lhasa;20
1280737;278.779;1505314800;Lhasa;8
1280737;274.162;1505325600;Lhasa;0
1280737;271.747;1505336400;Lhasa;8
1280737;270.674;1505347200;Lhasa;0
1280737;284.081;1505358000;Lhasa;0
1280737;290.228;1505368800;Lhasa;0
1280737;292.228;1505379600;Lhasa;0
1280737;286.509;1505390400;Lhasa;0
1280737;279.013;1505401200;Lhasa;32
1280737;277.388;1505412000;Lhasa;44
1280737;273.475;1505422800;Lhasa;0
1280737;272.408;1505433600;Lhasa;12
1280737;284.786;1505444400;Lhasa;0
1280737;291.147;1505455200;Lhasa;0
1280737;293.171;1505466000;Lhasa;0
1280737;287.188;1505476800;Lhasa;0
1280737;282.19;1505487600;Lhasa;76
1280737;280.225;1505498400;Lhasa;80
745042;298.71;1505077200;İstanbul;0
745042;297.98;1505088000;İstanbul;0
745042;297.44;1505098800;İstanbul;0
745042;297.276;1505109600;İstanbul;0
745042;297.448;1505120400;İstanbul;0
745042;297.649;1505131200;İstanbul;0
745042;297.813;1505142000;İstanbul;0
745042;298.08;1505152800;İstanbul;0
745042;297.724;1505163600;İstanbul;0
745042;298.644;1505174400;İstanbul;0
745042;298.73;1505185200;İstanbul;0
745042;299.685;1505196000;İstanbul;0
745042;299.817;1505206800;İstanbul;0
745042;299.432;1505217600;İstanbul;0
745042;299.033;1505228400;İstanbul;0
745042;298.63;1505239200;İstanbul;0
745042;297.906;1505250000;İstanbul;0
745042;297.347;1505260800;İstanbul;0
745042;297.311;1505271600;İstanbul;0
745042;297.628;1505282400;İstanbul;0
745042;297.591;1505293200;İstanbul;0
745042;297.909;1505304000;İstanbul;0
745042;298.929;1505314800;İstanbul;0
745042;297.612;1505325600;İstanbul;0
745042;297.047;1505336400;İstanbul;8
745042;296.724;1505347200;İstanbul;0
745042;296.231;1505358000;İstanbul;0
745042;296.128;1505368800;İstanbul;0
745042;298.128;1505379600;İstanbul;0
745042;299.059;1505390400;İstanbul;0
745042;298.513;1505401200;İstanbul;0
745042;297.388;1505412000;İstanbul;0
745042;296.475;1505422800;İstanbul;0
745042;295.758;1505433600;İstanbul;0
745042;295.386;1505444400;İstanbul;0
745042;295.197;1505455200;İstanbul;36
745042;296.371;1505466000;İstanbul;8
745042;298.488;1505476800;İstanbul;0
745042;298.24;1505487600;İstanbul;0
745042;296.725;1505498400;İstanbul;0
3496831;305.28;1505077200;Mao;36
3496831;301.55;1505088000;Mao;36
3496831;300.35;1505098800;Mao;76
3496831;298.626;1505109600;Mao;24
3496831;297.498;1505120400;Mao;8
3496831;299.449;1505131200;Mao;0
3496831;302.913;1505142000;Mao;8
3496831;304.18;1505152800;Mao;0
3496831;302.224;1505163600;Mao;32
3496831;300.544;1505174400;Mao;24
3496831;299.48;1505185200;Mao;32
3496831;298.635;1505196000;Mao;12
3496831;298.067;1505206800;Mao;8
3496831;299.732;1505217600;Mao;24
3496831;302.633;1505228400;Mao;24
3496831;303.63;1505239200;Mao;24
3496831;302.456;1505250000;Mao;24
3496831;300.297;1505260800;Mao;24
3496831;298.961;1505271600;Mao;12
3496831;297.978;1505282400;Mao;20
3496831;297.491;1505293200;Mao;24
3496831;299.359;1505304000;Mao;44
3496831;302.129;1505314800;Mao;64
3496831;302.762;1505325600;Mao;44
3496831;302.497;1505336400;Mao;32
3496831;299.974;1505347200;Mao;64
3496831;299.681;1505358000;Mao;92
3496831;299.478;1505368800;Mao;76
3496831;299.128;1505379600;Mao;80
3496831;299.709;1505390400;Mao;76
3496831;301.963;1505401200;Mao;48
3496831;302.538;1505412000;Mao;76
3496831;301.675;1505422800;Mao;76
3496831;300.408;1505433600;Mao;76
3496831;299.586;1505444400;Mao;64
3496831;298.647;1505455200;Mao;48
3496831;298.221;1505466000;Mao;76
3496831;299.338;1505476800;Mao;68
3496831;302.44;1505487600;Mao;32
3496831;302.425;1505498400;Mao;36
2017370;274.01;1505077200;Russian Federation;68
2017370;275.74;1505088000;Russian Federation;68
2017370;280.52;1505098800;Russian Federation;24
2017370;284.08;1505109600;Russian Federation;24
2017370;283.448;1505120400;Russian Federation;64
2017370;281.899;1505131200;Russian Federation;76
2017370;281.563;1505142000;Russian Federation;92
2017370;281.28;1505152800;Russian Federation;80
2017370;280.874;1505163600;Russian Federation;100
2017370;280.744;1505174400;Russian Federation;92
2017370;282.73;1505185200;Russian Federation;32
2017370;284.885;1505196000;Russian Federation;56
2017370;285.367;1505206800;Russian Federation;56
2017370;283.832;1505217600;Russian Federation;76
2017370;283.233;1505228400;Russian Federation;88
2017370;281.78;1505239200;Russian Federation;92
2017370;280.506;1505250000;Russian Federation;92
2017370;280.497;1505260800;Russian Federation;88
2017370;282.461;1505271600;Russian Federation;92
2017370;284.328;1505282400;Russian Federation;68
2017370;285.591;1505293200;Russian Federation;80
2017370;284.609;1505304000;Russian Federation;92
2017370;283.029;1505314800;Russian Federation;68
2017370;280.762;1505325600;Russian Federation;24
2017370;279.647;1505336400;Russian Federation;24
2017370;280.074;1505347200;Russian Federation;80
2017370;282.581;1505358000;Russian Federation;92
2017370;282.928;1505368800;Russian Federation;92
2017370;282.778;1505379600;Russian Federation;92
2017370;282.309;1505390400;Russian Federation;92
2017370;281.913;1505401200;Russian Federation;92
2017370;281.438;1505412000;Russian Federation;92
2017370;279.875;1505422800;Russian Federation;92
2017370;277.408;1505433600;Russian Federation;92
2017370;277.686;1505444400;Russian Federation;100
2017370;279.947;1505455200;Russian Federation;68
2017370;280.321;1505466000;Russian Federation;76
2017370;279.338;1505476800;Russian Federation;92
2017370;278.24;1505487600;Russian Federation;32
2017370;276.825;1505498400;Russian Federation;12
2045761;291.14;1505077200;De-Friz;92
2045761;291.84;1505088000;De-Friz;88
2045761;292.77;1505098800;De-Friz;88
2045761;292.076;1505109600;De-Friz;92
2045761;292.448;1505120400;De-Friz;48
2045761;291.749;1505131200;De-Friz;80
2045761;290.013;1505142000;De-Friz;68
2045761;287.98;1505152800;De-Friz;36
2045761;287.324;1505163600;De-Friz;36
2045761;288.644;1505174400;De-Friz;0
2045761;290.58;1505185200;De-Friz;0
2045761;291.535;1505196000;De-Friz;0
2045761;291.067;1505206800;De-Friz;12
2045761;290.332;1505217600;De-Friz;44
2045761;289.133;1505228400;De-Friz;24
2045761;287.88;1505239200;De-Friz;0
2045761;287.206;1505250000;De-Friz;0
2045761;289.497;1505260800;De-Friz;0
2045761;291.911;1505271600;De-Friz;0
2045761;292.578;1505282400;De-Friz;68
2045761;291.791;1505293200;De-Friz;32
2045761;289.459;1505304000;De-Friz;0
2045761;287.779;1505314800;De-Friz;8
2045761;287.162;1505325600;De-Friz;20
2045761;286.547;1505336400;De-Friz;0
2045761;287.974;1505347200;De-Friz;92
2045761;288.581;1505358000;De-Friz;48
2045761;289.728;1505368800;De-Friz;0
2045761;289.928;1505379600;De-Friz;8
2045761;288.209;1505390400;De-Friz;0
2045761;286.613;1505401200;De-Friz;0
2045761;285.638;1505412000;De-Friz;0
2045761;284.825;1505422800;De-Friz;0
2045761;289.008;1505433600;De-Friz;0
2045761;291.386;1505444400;De-Friz;0
2045761;291.947;1505455200;De-Friz;0
2045761;290.721;1505466000;De-Friz;44
2045761;289.888;1505476800;De-Friz;24
2045761;289.79;1505487600;De-Friz;32
2045761;290.775;1505498400;De-Friz;80
1257986;267.86;1505077200;Rumbak;68
1257986;268.49;1505088000;Rumbak;68
1257986;271.52;1505098800;Rumbak;80
1257986;277.48;1505109600;Rumbak;88
1257986;277.698;1505120400;Rumbak;92
1257986;277.149;1505131200;Rumbak;76
1257986;272.113;1505142000;Rumbak;44
1257986;269.73;1505152800;Rumbak;24
1257986;268.724;1505163600;Rumbak;88
1257986;270.644;1505174400;Rumbak;68
1257986;273.38;1505185200;Rumbak;24
1257986;279.335;1505196000;Rumbak;8
1257986;279.717;1505206800;Rumbak;20
1257986;278.032;1505217600;Rumbak;12
1257986;269.283;1505228400;Rumbak;0
1257986;264.53;1505239200;Rumbak;0
1257986;262.606;1505250000;Rumbak;0
1257986;261.697;1505260800;Rumbak;12
1257986;266.811;1505271600;Rumbak;0
1257986;278.678;1505282400;Rumbak;0
1257986;280.641;1505293200;Rumbak;20
1257986;278.359;1505304000;Rumbak;8
1257986;269.479;1505314800;Rumbak;8
1257986;264.362;1505325600;Rumbak;0
1257986;262.297;1505336400;Rumbak;0
1257986;261.224;1505347200;Rumbak;0
1257986;267.031;1505358000;Rumbak;0
1257986;278.578;1505368800;Rumbak;0
1257986;279.778;1505379600;Rumbak;76
1257986;277.909;1505390400;Rumbak;32
1257986;269.613;1505401200;Rumbak;12
1257986;265.138;1505412000;Rumbak;36
1257986;264.175;1505422800;Rumbak;20
1257986;262.608;1505433600;Rumbak;12
1257986;268.136;1505444400;Rumbak;56
1257986;278.897;1505455200;Rumbak;8
1257986;280.621;1505466000;Rumbak;76
1257986;278.538;1505476800;Rumbak;20
1257986;270.79;1505487600;Rumbak;8
1257986;265.625;1505498400;Rumbak;0
476350;277.46;1505077200;Vavibet;20
476350;277.04;1505088000;Vavibet;68
476350;277.22;1505098800;Vavibet;76
476350;278.18;1505109600;Vavibet;80
476350;278.948;1505120400;Vavibet;92
476350;277.949;1505131200;Vavibet;92
476350;277.813;1505142000;Vavibet;92
476350;277.18;1505152800;Vavibet;92
476350;277.124;1505163600;Vavibet;92
476350;277.044;1505174400;Vavibet;88
476350;277.08;1505185200;Vavibet;92
476350;277.985;1505196000;Vavibet;100
476350;279.617;1505206800;Vavibet;68
476350;280.982;1505217600;Vavibet;92
476350;280.383;1505228400;Vavibet;92
476350;278.88;1505239200;Vavibet;92
476350;278.306;1505250000;Vavibet;92
476350;277.647;1505260800;Vavibet;92
476350;277.011;1505271600;Vavibet;92
476350;277.828;1505282400;Vavibet;92
476350;278.741;1505293200;Vavibet;100
476350;278.759;1505304000;Vavibet;92
476350;278.379;1505314800;Vavibet;100
476350;277.962;1505325600;Vavibet;100
476350;277.797;1505336400;Vavibet;92
476350;276.474;1505347200;Vavibet;92
476350;275.481;1505358000;Vavibet;92
476350;275.478;1505368800;Vavibet;92
476350;276.128;1505379600;Vavibet;92
476350;276.409;1505390400;Vavibet;92
476350;276.113;1505401200;Vavibet;92
476350;275.688;1505412000;Vavibet;92
476350;275.625;1505422800;Vavibet;92
476350;275.807;1505433600;Vavibet;92
476350;275.886;1505444400;Vavibet;92
476350;276.847;1505455200;Vavibet;92
476350;277.671;1505466000;Vavibet;92
476350;277.788;1505476800;Vavibet;88
476350;277.24;1505487600;Vavibet;92
476350;276.575;1505498400;Vavibet;92
1343000;290.51;1505077200;Surtagān Chib;0
1343000;288.79;1505088000;Surtagān Chib;0
1343000;294.17;1505098800;Surtagān Chib;0
1343000;306.08;1505109600;Surtagān Chib;0
1343000;311.598;1505120400;Surtagān Chib;0
1343000;310.599;1505131200;Surtagān Chib;0
1343000;301.113;1505142000;Surtagān Chib;0
1343000;292.78;1505152800;Surtagān Chib;0
1343000;288.874;1505163600;Surtagān Chib;0
1343000;287.494;1505174400;Surtagān Chib;0
1343000;293.08;1505185200;Surtagān Chib;0
1343000;306.685;1505196000;Surtagān Chib;0
1343000;310.817;1505206800;Surtagān Chib;0
1343000;309.782;1505217600;Surtagān Chib;0
1343000;299.983;1505228400;Surtagān Chib;0
1343000;291.83;1505239200;Surtagān Chib;0
1343000;287.956;1505250000;Surtagān Chib;0
1343000;286.197;1505260800;Surtagān Chib;0
1343000;291.561;1505271600;Surtagān Chib;0
1343000;306.978;1505282400;Surtagān Chib;0
1343000;310.491;1505293200;Surtagān Chib;0
1343000;309.559;1505304000;Surtagān Chib;0
1343000;299.479;1505314800;Surtagān Chib;0
1343000;291.212;1505325600;Surtagān Chib;0
1343000;287.547;1505336400;Surtagān Chib;0
1343000;286.324;1505347200;Surtagān Chib;0
1343000;292.831;1505358000;Surtagān Chib;0
1343000;306.978;1505368800;Surtagān Chib;0
1343000;309.878;1505379600;Surtagān Chib;0
1343000;308.509;1505390400;Surtagān Chib;0
1343000;301.363;1505401200;Surtagān Chib;0
1343000;292.138;1505412000;Surtagān Chib;0
1343000;287.475;1505422800;Surtagān Chib;0
1343000;285.658;1505433600;Surtagān Chib;0
1343000;291.136;1505444400;Surtagān Chib;0
1343000;305.647;1505455200;Surtagān Chib;0
1343000;308.921;1505466000;Surtagān Chib;0
1343000;308.038;1505476800;Surtagān Chib;0
1343000;297.69;1505487600;Surtagān Chib;0
1343000;290.325;1505498400;Surtagān Chib;0
456169;287.74;1505077200;Rīgas Rajons;92
456169;287.17;1505088000;Rīgas Rajons;92
456169;286.84;1505098800;Rīgas Rajons;100
456169;287.49;1505109600;Rīgas Rajons;48
456169;289.698;1505120400;Rīgas Rajons;64
456169;290.799;1505131200;Rīgas Rajons;36
456169;290.413;1505142000;Rīgas Rajons;92
456169;289.53;1505152800;Rīgas Rajons;92
456169;290.024;1505163600;Rīgas Rajons;100
456169;290.094;1505174400;Rīgas Rajons;68
456169;289.93;1505185200;Rīgas Rajons;92
456169;290.335;1505196000;Rīgas Rajons;80
456169;289.417;1505206800;Rīgas Rajons;92
456169;288.782;1505217600;Rīgas Rajons;92
456169;287.883;1505228400;Rīgas Rajons;92
456169;287.18;1505239200;Rīgas Rajons;100
456169;287.656;1505250000;Rīgas Rajons;92
456169;285.997;1505260800;Rīgas Rajons;36
456169;285.261;1505271600;Rīgas Rajons;88
456169;286.778;1505282400;Rīgas Rajons;56
456169;288.491;1505293200;Rīgas Rajons;20
456169;289.509;1505304000;Rīgas Rajons;64
456169;288.579;1505314800;Rīgas Rajons;56
456169;287.262;1505325600;Rīgas Rajons;92
456169;285.547;1505336400;Rīgas Rajons;92
456169;285.624;1505347200;Rīgas Rajons;12
456169;284.981;1505358000;Rīgas Rajons;92
456169;285.478;1505368800;Rīgas Rajons;92
456169;286.078;1505379600;Rīgas Rajons;92
456169;286.809;1505390400;Rīgas Rajons;92
456169;286.413;1505401200;Rīgas Rajons;92
456169;286.438;1505412000;Rīgas Rajons;92
456169;285.675;1505422800;Rīgas Rajons;92
456169;285.057;1505433600;Rīgas Rajons;92
456169;284.536;1505444400;Rīgas Rajons;92
456169;285.597;1505455200;Rīgas Rajons;64
456169;286.821;1505466000;Rīgas Rajons;92
456169;288.538;1505476800;Rīgas Rajons;92
456169;288.39;1505487600;Rīgas Rajons;92
456169;287.625;1505498400;Rīgas Rajons;92
475279;287.01;1505077200;Verkhneye Shchekotikhino;64
475279;285.99;1505088000;Verkhneye Shchekotikhino;0
475279;284.22;1505098800;Verkhneye Shchekotikhino;0
475279;288.93;1505109600;Verkhneye Shchekotikhino;0
475279;293.948;1505120400;Verkhneye Shchekotikhino;0
475279;295.749;1505131200;Verkhneye Shchekotikhino;0
475279;294.413;1505142000;Verkhneye Shchekotikhino;24
475279;289.68;1505152800;Verkhneye Shchekotikhino;0
475279;287.424;1505163600;Verkhneye Shchekotikhino;0
475279;287.094;1505174400;Verkhneye Shchekotikhino;20
475279;287.13;1505185200;Verkhneye Shchekotikhino;20
475279;291.185;1505196000;Verkhneye Shchekotikhino;0
475279;296.417;1505206800;Verkhneye Shchekotikhino;8
475279;298.482;1505217600;Verkhneye Shchekotikhino;0
475279;296.733;1505228400;Verkhneye Shchekotikhino;0
475279;290.78;1505239200;Verkhneye Shchekotikhino;8
475279;289.156;1505250000;Verkhneye Shchekotikhino;56
475279;289.897;1505260800;Verkhneye Shchekotikhino;76
475279;290.411;1505271600;Verkhneye Shchekotikhino;24
475279;292.728;1505282400;Verkhneye Shchekotikhino;0
475279;296.341;1505293200;Verkhneye Shchekotikhino;0
475279;297.009;1505304000;Verkhneye Shchekotikhino;20
475279;294.279;1505314800;Verkhneye Shchekotikhino;76
475279;291.462;1505325600;Verkhneye Shchekotikhino;56
475279;288.597;1505336400;Verkhneye Shchekotikhino;0
475279;286.224;1505347200;Verkhneye Shchekotikhino;0
475279;284.581;1505358000;Verkhneye Shchekotikhino;0
475279;288.828;1505368800;Verkhneye Shchekotikhino;0
475279;292.628;1505379600;Verkhneye Shchekotikhino;0
475279;293.959;1505390400;Verkhneye Shchekotikhino;0
475279;292.863;1505401200;Verkhneye Shchekotikhino;12
475279;291.188;1505412000;Verkhneye Shchekotikhino;48
475279;290.675;1505422800;Verkhneye Shchekotikhino;56
475279;288.957;1505433600;Verkhneye Shchekotikhino;0
475279;288.186;1505444400;Verkhneye Shchekotikhino;0
475279;291.247;1505455200;Verkhneye Shchekotikhino;8
475279;295.071;1505466000;Verkhneye Shchekotikhino;0
475279;291.338;1505476800;Verkhneye Shchekotikhino;56
475279;289.79;1505487600;Verkhneye Shchekotikhino;0
475279;287.125;1505498400;Verkhneye Shchekotikhino;0
711349;291.97;1505077200;Bucha;48
711349;290.74;1505088000;Bucha;32
711349;290.85;1505098800;Bucha;68
711349;293.14;1505109600;Bucha;0
711349;297.298;1505120400;Bucha;0
711349;298.949;1505131200;Bucha;8
711349;298.663;1505142000;Bucha;12
711349;296.23;1505152800;Bucha;0
711349;293.824;1505163600;Bucha;0
711349;291.644;1505174400;Bucha;8
711349;289.88;1505185200;Bucha;12
711349;293.685;1505196000;Bucha;8
711349;298.567;1505206800;Bucha;12
711349;300.482;1505217600;Bucha;20
711349;299.083;1505228400;Bucha;80
711349;295.28;1505239200;Bucha;68
711349;291.656;1505250000;Bucha;24
711349;290.597;1505260800;Bucha;0
711349;288.361;1505271600;Bucha;0
711349;289.078;1505282400;Bucha;36
711349;290.741;1505293200;Bucha;56
711349;291.559;1505304000;Bucha;48
711349;292.379;1505314800;Bucha;0
711349;289.012;1505325600;Bucha;0
711349;287.147;1505336400;Bucha;0
711349;286.874;1505347200;Bucha;0
711349;286.431;1505358000;Bucha;12
711349;289.228;1505368800;Bucha;24
711349;293.928;1505379600;Bucha;24
711349;296.409;1505390400;Bucha;32
711349;295.763;1505401200;Bucha;48
711349;291.538;1505412000;Bucha;0
711349;288.475;1505422800;Bucha;0
711349;288.008;1505433600;Bucha;0
711349;288.086;1505444400;Bucha;0
711349;290.597;1505455200;Bucha;0
711349;291.821;1505466000;Bucha;8
711349;292.938;1505476800;Bucha;0
711349;291.84;1505487600;Bucha;0
711349;286.225;1505498400;Bucha;0
798544;283.9;1505077200;Republic of Poland;92
798544;285.23;1505088000;Republic of Poland;92
798544;286.29;1505098800;Republic of Poland;92
798544;287.826;1505109600;Republic of Poland;92
798544;289.848;1505120400;Republic of Poland;92
798544;292.949;1505131200;Republic of Poland;68
798544;292.963;1505142000;Republic of Poland;92
798544;290.88;1505152800;Republic of Poland;92
798544;289.124;1505163600;Republic of Poland;92
798544;288.344;1505174400;Republic of Poland;92
798544;287.33;1505185200;Republic of Poland;92
798544;287.435;1505196000;Republic of Poland;92
798544;288.817;1505206800;Republic of Poland;88
798544;290.782;1505217600;Republic of Poland;36
798544;290.083;1505228400;Republic of Poland;88
798544;288.08;1505239200;Republic of Poland;80
798544;287.106;1505250000;Republic of Poland;76
798544;285.747;1505260800;Republic of Poland;20
798544;283.811;1505271600;Republic of Poland;0
798544;284.678;1505282400;Republic of Poland;0
798544;288.891;1505293200;Republic of Poland;12
798544;290.309;1505304000;Republic of Poland;32
798544;290.129;1505314800;Republic of Poland;36
798544;291.162;1505325600;Republic of Poland;64
798544;288.397;1505336400;Republic of Poland;100
798544;289.024;1505347200;Republic of Poland;92
798544;287.181;1505358000;Republic of Poland;92
798544;286.128;1505368800;Republic of Poland;92
798544;287.228;1505379600;Republic of Poland;64
798544;289.659;1505390400;Republic of Poland;88
798544;289.513;1505401200;Republic of Poland;92
798544;287.138;1505412000;Republic of Poland;92
798544;285.125;1505422800;Republic of Poland;92
798544;284.307;1505433600;Republic of Poland;80
798544;284.136;1505444400;Republic of Poland;92
798544;284.597;1505455200;Republic of Poland;32
798544;287.171;1505466000;Republic of Poland;36
798544;288.338;1505476800;Republic of Poland;48
798544;288.29;1505487600;Republic of Poland;68
798544;286.075;1505498400;Republic of Poland;36
3094325;283.48;1505077200;Kuchary;92
3094325;285.05;1505088000;Kuchary;92
3094325;286.15;1505098800;Kuchary;92
3094325;287.376;1505109600;Kuchary;100
3094325;289.048;1505120400;Kuchary;92
3094325;292.299;1505131200;Kuchary;80
3094325;291.713;1505142000;Kuchary;92
3094325;289.78;1505152800;Kuchary;92
3094325;288.374;1505163600;Kuchary;92
3094325;287.844;1505174400;Kuchary;92
3094325;287.18;1505185200;Kuchary;92
3094325;286.885;1505196000;Kuchary;80
3094325;289.167;1505206800;Kuchary;24
3094325;290.632;1505217600;Kuchary;36
3094325;289.983;1505228400;Kuchary;80
3094325;287.88;1505239200;Kuchary;68
3094325;286.806;1505250000;Kuchary;76
3094325;284.847;1505260800;Kuchary;0
3094325;283.461;1505271600;Kuchary;0
3094325;284.478;1505282400;Kuchary;0
3094325;288.641;1505293200;Kuchary;0
3094325;290.109;1505304000;Kuchary;48
3094325;290.379;1505314800;Kuchary;8
3094325;291.012;1505325600;Kuchary;24
3094325;288.497;1505336400;Kuchary;100
3094325;288.574;1505347200;Kuchary;92
3094325;286.381;1505358000;Kuchary;92
3094325;285.878;1505368800;Kuchary;92
3094325;287.628;1505379600;Kuchary;76
3094325;289.159;1505390400;Kuchary;92
3094325;288.963;1505401200;Kuchary;92
3094325;286.138;1505412000;Kuchary;92
3094325;285.175;1505422800;Kuchary;88
3094325;284.057;1505433600;Kuchary;80
3094325;284.136;1505444400;Kuchary;76
3094325;284.397;1505455200;Kuchary;36
3094325;287.021;1505466000;Kuchary;36
3094325;288.038;1505476800;Kuchary;48
3094325;288.14;1505487600;Kuchary;64
3094325;286.125;1505498400;Kuchary;32
6255149;303.39;1505077200;North America;32
6255149;302.46;1505088000;North America;20
6255149;295.27;1505098800;North America;0
6255149;293.3;1505109600;North America;36
6255149;291.398;1505120400;North America;0
6255149;288.949;1505131200;North America;0
6255149;293.963;1505142000;North America;0
6255149;300.18;1505152800;North America;0
6255149;302.874;1505163600;North America;12
6255149;301.894;1505174400;North America;0
6255149;297.18;1505185200;North America;0
6255149;295.235;1505196000;North America;0
6255149;293.717;1505206800;North America;0
6255149;292.132;1505217600;North America;0
6255149;296.383;1505228400;North America;0
6255149;303.18;1505239200;North America;0
6255149;306.656;1505250000;North America;0
6255149;305.397;1505260800;North America;0
6255149;297.011;1505271600;North America;0
6255149;291.828;1505282400;North America;0
6255149;289.941;1505293200;North America;0
6255149;288.909;1505304000;North America;20
6255149;292.579;1505314800;North America;36
6255149;293.712;1505325600;North America;44
6255149;295.247;1505336400;North America;76
6255149;292.024;1505347200;North America;48
6255149;290.481;1505358000;North America;88
6255149;290.228;1505368800;North America;92
6255149;289.928;1505379600;North America;88
6255149;289.209;1505390400;North America;92
6255149;290.013;1505401200;North America;92
6255149;292.338;1505412000;North America;68
6255149;292.825;1505422800;North America;92
6255149;292.608;1505433600;North America;56
6255149;288.036;1505444400;North America;80
6255149;286.747;1505455200;North America;92
6255149;286.221;1505466000;North America;88
6255149;285.688;1505476800;North America;88
6255149;286.29;1505487600;North America;88
6255149;289.225;1505498400;North America;88
